0 3
0 4
0 29
0 196
0 4
0 5
0 18
0 96
0 5
0 4
0 29
0 196
0 2
0 4
0 18
0 96
0 3
0 5
0 29
0 193
0 4
0 4
0 18
0 96
0 4
0 5
0 18
0 96
0 4
0 5
0 29
0 196
0 6
0 2
0 18
0 96
0 6
0 3
0 18
0 96
1 3
1 3
1 29
1 196
1 4
1 2
1 29
1 196
1 4
1 2
1 3
1 35
1 4
1 2
1 29
1 193
1 2
1 3
1 29
1 196
1 2
1 3
1 3
1 35
1 2
1 3
1 29
1 193
1 3
1 4
1 29
1 196
1 3
1 4
1 3
1 35
1 3
1 4
1 29
1 193
2 2
2 5
2 24
2 155
2 2
2 5
2 28
2 180
2 2
2 5
2 24
2 155
2 2
2 5
2 28
2 180
2 2
2 5
2 24
2 156
2 2
2 5
2 27
2 176
2 2
2 5
2 24
2 156
2 2
2 5
2 28
2 180
2 2
2 5
2 3
2 34
2 2
2 5
2 9
2 57
3 2
3 3
3 3
3 35
3 2
3 3
3 29
3 193
3 3
3 4
3 29
3 196
3 3
3 4
3 3
3 35
3 3
3 4
3 29
3 193
3 3
3 4
3 18
3 96
3 3
3 4
3 3
3 35
3 4
3 3
3 29
3 196
3 4
3 3
3 3
3 35
3 4
3 3
3 29
3 193
4 3
4 3
4 18
4 96
4 3
4 3
4 18
4 109
4 3
4 3
4 18
4 96
4 4
4 3
4 18
4 96
4 4
4 4
4 18
4 96
4 4
4 5
4 18
4 96
4 0
4 2
4 18
4 96
4 0
4 4
4 28
4 180
4 1
4 3
4 18
4 96
4 1
4 4
4 18
4 109
5 2
5 5
5 2
5 28
5 2
5 5
5 2
5 27
5 2
5 5
5 1
5 15
5 2
5 5
5 24
5 155
5 2
5 5
5 28
5 180
5 2
5 5
5 24
5 155
5 2
5 5
5 28
5 180
5 2
5 5
5 24
5 156
5 2
5 5
5 27
5 176
5 2
5 5
5 24
5 156
6 3
6 3
6 29
6 193
6 3
6 3
6 29
6 196
6 4
6 2
6 29
6 196
6 4
6 2
6 3
6 35
6 4
6 2
6 29
6 193
6 2
6 3
6 29
6 196
6 2
6 3
6 3
6 35
6 2
6 3
6 29
6 193
6 3
6 4
6 29
6 196
6 3
6 4
6 3
6 35
7 4
7 5
7 18
7 96
7 5
7 4
7 29
7 196
7 2
7 4
7 18
7 96
7 3
7 5
7 29
7 193
7 4
7 4
7 18
7 96
7 4
7 5
7 18
7 96
7 4
7 5
7 29
7 196
7 6
7 2
7 18
7 96
7 6
7 3
7 18
7 96
7 6
7 4
7 18
7 96
8 1
8 5
8 29
8 193
8 2
8 3
8 29
8 193
8 3
8 4
8 29
8 193
8 5
8 4
8 29
8 193
8 1
8 3
8 29
8 193
8 4
8 4
8 29
8 193
8 0
8 3
8 29
8 193
8 0
8 4
8 29
8 193
8 1
8 2
8 29
8 193
8 1
8 3
8 29
8 193
9 3
9 4
9 18
9 96
9 3
9 4
9 3
9 35
9 4
9 3
9 29
9 196
9 4
9 3
9 3
9 35
9 4
9 3
9 29
9 193
9 6
9 4
9 29
9 196
9 6
9 4
9 3
9 35
9 6
9 4
9 29
9 193
9 3
9 3
9 29
9 196
9 3
9 3
9 3
9 35
10 2
10 2
10 29
10 196
10 2
10 2
10 18
10 96
10 2
10 2
10 29
10 196
10 2
10 2
10 18
10 96
10 2
10 5
10 18
10 96
10 2
10 5
10 29
10 196
10 2
10 5
10 18
10 96
10 3
10 2
10 18
10 96
10 3
10 5
10 29
10 196
10 3
10 5
10 18
10 96
11 1
11 4
11 29
11 196
11 3
11 2
11 29
11 196
11 4
11 2
11 29
11 196
11 5
11 4
11 29
11 196
11 6
11 3
11 29
11 196
11 0
11 3
11 29
11 196
11 1
11 3
11 29
11 196
11 2
11 2
11 29
11 196
11 3
11 2
11 29
11 196
11 3
11 3
11 29
11 196
12 1
12 2
12 3
12 35
12 1
12 2
12 29
12 193
12 3
12 3
12 29
12 196
12 3
12 3
12 3
12 35
12 3
12 3
12 29
12 193
12 3
12 3
12 29
12 196
12 4
12 2
12 29
12 196
12 4
12 2
12 3
12 35
12 4
12 2
12 29
12 193
12 2
12 3
12 29
12 196
13 3
13 3
13 3
13 35
13 3
13 3
13 29
13 193
13 3
13 3
13 29
13 196
13 4
13 2
13 29
13 196
13 4
13 2
13 3
13 35
13 4
13 2
13 29
13 193
13 2
13 3
13 29
13 196
13 2
13 3
13 3
13 35
13 2
13 3
13 29
13 193
13 3
13 4
13 29
13 196
14 3
14 4
14 3
14 35
14 4
14 3
14 29
14 196
14 4
14 3
14 3
14 35
14 4
14 3
14 29
14 193
14 6
14 4
14 29
14 196
14 6
14 4
14 3
14 35
14 6
14 4
14 29
14 193
14 3
14 3
14 29
14 196
14 3
14 3
14 3
14 35
14 3
14 3
14 29
14 193
15 2
15 5
15 3
15 34
15 2
15 5
15 2
15 28
15 2
15 5
15 2
15 27
15 2
15 5
15 1
15 15
15 2
15 5
15 24
15 155
15 2
15 5
15 28
15 180
15 2
15 5
15 24
15 155
15 2
15 5
15 28
15 180
15 2
15 5
15 24
15 156
15 2
15 5
15 27
15 176
16 2
16 5
16 3
16 34
16 2
16 5
16 2
16 28
16 2
16 5
16 3
16 34
16 2
16 5
16 2
16 28
16 2
16 5
16 2
16 27
16 2
16 5
16 1
16 15
16 2
16 5
16 24
16 155
16 2
16 5
16 28
16 180
16 2
16 5
16 24
16 155
16 2
16 5
16 28
16 180
17 2
17 2
17 29
17 196
17 2
17 2
17 18
17 96
17 2
17 2
17 29
17 196
17 2
17 2
17 18
17 96
17 2
17 2
17 29
17 196
17 2
17 2
17 18
17 96
17 2
17 5
17 18
17 96
17 2
17 5
17 29
17 196
17 2
17 5
17 18
17 96
17 3
17 2
17 18
17 96
18 3
18 5
18 29
18 193
18 4
18 4
18 18
18 96
18 4
18 5
18 18
18 96
18 4
18 5
18 29
18 196
18 6
18 2
18 18
18 96
18 6
18 3
18 18
18 96
18 6
18 4
18 18
18 96
18 4
18 3
18 18
18 96
18 5
18 2
18 29
18 196
18 5
18 4
18 29
18 196
19 3
19 4
19 29
19 193
19 3
19 4
19 18
19 96
19 3
19 4
19 3
19 35
19 4
19 3
19 29
19 196
19 4
19 3
19 3
19 35
19 4
19 3
19 29
19 193
19 6
19 4
19 29
19 196
19 6
19 4
19 3
19 35
19 6
19 4
19 29
19 193
19 3
19 3
19 29
19 196
20 3
20 3
20 18
20 96
20 4
20 3
20 18
20 96
20 4
20 4
20 18
20 96
20 4
20 5
20 18
20 96
20 0
20 2
20 18
20 96
20 0
20 4
20 28
20 180
20 1
20 3
20 18
20 96
20 1
20 4
20 18
20 109
20 2
20 2
20 18
20 96
20 3
20 2
20 18
20 96
21 1
21 5
21 18
21 96
21 2
21 5
21 29
21 196
21 3
21 4
21 18
21 96
21 3
21 4
21 29
21 196
21 4
21 5
21 18
21 96
21 5
21 4
21 29
21 196
21 2
21 4
21 18
21 96
21 3
21 5
21 29
21 193
21 4
21 4
21 18
21 96
21 4
21 5
21 18
21 96
22 1
22 2
22 29
22 193
22 3
22 3
22 29
22 196
22 3
22 3
22 3
22 35
22 3
22 3
22 29
22 193
22 3
22 3
22 29
22 196
22 4
22 2
22 29
22 196
22 4
22 2
22 3
22 35
22 4
22 2
22 29
22 193
22 2
22 3
22 29
22 196
22 2
22 3
22 3
22 35
23 6
23 2
23 9
23 57
23 6
23 2
23 2
23 28
23 6
23 2
23 16
23 91
23 6
23 2
23 3
23 34
23 6
23 2
23 2
23 27
23 6
23 2
23 24
23 155
23 6
23 2
23 3
23 34
23 6
23 2
23 9
23 57
23 6
23 2
23 28
23 180
23 6
23 2
23 24
23 155
24 4
24 2
24 29
24 196
24 4
24 2
24 3
24 35
24 4
24 2
24 29
24 193
24 2
24 3
24 29
24 196
24 2
24 3
24 3
24 35
24 2
24 3
24 29
24 193
24 3
24 4
24 29
24 196
24 3
24 4
24 3
24 35
24 3
24 4
24 29
24 193
24 3
24 4
24 18
24 96
25 2
25 2
25 29
25 196
25 2
25 4
25 29
25 196
25 3
25 3
25 29
25 196
25 4
25 2
25 29
25 196
25 5
25 3
25 29
25 196
25 1
25 3
25 29
25 196
25 1
25 4
25 29
25 196
25 3
25 2
25 29
25 196
25 3
25 4
25 29
25 196
25 4
25 3
25 29
25 196
26 3
26 4
26 18
26 96
26 3
26 4
26 29
26 196
26 4
26 5
26 18
26 96
26 5
26 4
26 29
26 196
26 2
26 4
26 18
26 96
26 3
26 5
26 29
26 193
26 4
26 4
26 18
26 96
26 4
26 5
26 18
26 96
26 4
26 5
26 29
26 196
26 6
26 2
26 18
26 96
27 4
27 4
27 29
27 196
27 5
27 3
27 29
27 196
27 5
27 4
27 29
27 196
27 5
27 5
27 29
27 196
27 6
27 2
27 29
27 196
27 6
27 4
27 29
27 196
27 0
27 2
27 29
27 196
27 0
27 3
27 29
27 196
27 1
27 3
27 29
27 196
27 1
27 4
27 29
27 196
28 5
28 4
28 29
28 196
28 5
28 5
28 29
28 196
28 6
28 2
28 29
28 196
28 6
28 4
28 29
28 196
28 0
28 2
28 29
28 196
28 0
28 3
28 29
28 196
28 1
28 3
28 29
28 196
28 1
28 4
28 29
28 196
28 2
28 3
28 29
28 196
28 3
28 3
28 29
28 196
29 2
29 5
29 29
29 196
29 3
29 4
29 18
29 96
29 3
29 4
29 29
29 196
29 4
29 5
29 18
29 96
29 5
29 4
29 29
29 196
29 2
29 4
29 18
29 96
29 3
29 5
29 29
29 193
29 4
29 4
29 18
29 96
29 4
29 5
29 18
29 96
29 4
29 5
29 29
29 196
30 0
30 2
30 3
30 35
30 0
30 2
30 29
30 193
30 1
30 2
30 29
30 196
30 1
30 2
30 3
30 35
30 1
30 2
30 29
30 193
30 3
30 3
30 29
30 196
30 3
30 3
30 3
30 35
30 3
30 3
30 29
30 193
30 3
30 3
30 29
30 196
30 4
30 2
30 29
30 196
31 4
31 3
31 29
31 193
31 6
31 4
31 29
31 196
31 6
31 4
31 3
31 35
31 6
31 4
31 29
31 193
31 3
31 3
31 29
31 196
31 3
31 3
31 3
31 35
31 3
31 3
31 29
31 193
31 4
31 4
31 29
31 196
31 4
31 4
31 3
31 35
31 4
31 4
31 29
31 193
32 2
32 5
32 0
32 3
32 2
32 5
32 4
32 41
32 2
32 5
32 0
32 3
32 2
32 5
32 2
32 27
32 2
32 5
32 3
32 34
32 2
32 5
32 2
32 28
32 2
32 5
32 2
32 27
32 2
32 5
32 3
32 34
32 2
32 5
32 2
32 28
32 2
32 5
32 3
32 34
33 0
33 3
33 29
33 193
33 0
33 3
33 29
33 196
33 1
33 2
33 29
33 196
33 2
33 3
33 29
33 193
33 2
33 4
33 29
33 196
33 4
33 4
33 29
33 196
33 2
33 3
33 29
33 193
33 3
33 3
33 29
33 196
33 4
33 3
33 29
33 196
33 5
33 4
33 29
33 196
34 2
34 5
34 2
34 28
34 2
34 5
34 3
34 34
34 2
34 5
34 2
34 28
34 2
34 5
34 2
34 27
34 2
34 5
34 1
34 15
34 2
34 5
34 24
34 155
34 2
34 5
34 28
34 180
34 2
34 5
34 24
34 155
34 2
34 5
34 28
34 180
34 2
34 5
34 24
34 156
35 3
35 4
35 29
35 196
35 3
35 4
35 3
35 35
35 3
35 4
35 29
35 193
35 3
35 4
35 18
35 96
35 3
35 4
35 3
35 35
35 4
35 3
35 29
35 196
35 4
35 3
35 3
35 35
35 4
35 3
35 29
35 193
35 6
35 4
35 29
35 196
35 6
35 4
35 3
35 35
36 0
36 2
36 29
36 196
36 0
36 2
36 3
36 35
36 0
36 2
36 29
36 193
36 1
36 2
36 29
36 196
36 1
36 2
36 3
36 35
36 1
36 2
36 29
36 193
36 3
36 3
36 29
36 196
36 3
36 3
36 3
36 35
36 3
36 3
36 29
36 193
36 3
36 3
36 29
36 196
37 4
37 3
37 3
37 35
37 4
37 3
37 29
37 193
37 6
37 4
37 29
37 196
37 6
37 4
37 3
37 35
37 6
37 4
37 29
37 193
37 3
37 3
37 29
37 196
37 3
37 3
37 3
37 35
37 3
37 3
37 29
37 193
37 4
37 4
37 29
37 196
37 4
37 4
37 3
37 35
38 5
38 5
38 29
38 196
38 6
38 2
38 29
38 196
38 6
38 4
38 29
38 196
38 0
38 2
38 29
38 196
38 0
38 3
38 29
38 196
38 1
38 3
38 29
38 196
38 1
38 4
38 29
38 196
38 2
38 3
38 29
38 196
38 3
38 3
38 29
38 196
38 3
38 4
38 29
38 196
39 5
39 4
39 29
39 196
39 1
39 4
39 29
39 196
39 3
39 2
39 29
39 196
39 4
39 2
39 29
39 196
39 5
39 4
39 29
39 196
39 6
39 3
39 29
39 196
39 0
39 3
39 29
39 196
39 1
39 3
39 29
39 196
39 2
39 2
39 29
39 196
39 3
39 2
39 29
39 196
40 6
40 4
40 29
40 196
40 6
40 4
40 3
40 35
40 6
40 4
40 29
40 193
40 3
40 3
40 29
40 196
40 3
40 3
40 3
40 35
40 3
40 3
40 29
40 193
40 4
40 4
40 29
40 196
40 4
40 4
40 3
40 35
40 4
40 4
40 29
40 193
40 4
40 4
40 29
40 196
41 0
41 2
41 29
41 193
41 1
41 2
41 29
41 196
41 1
41 2
41 3
41 35
41 1
41 2
41 29
41 193
41 3
41 3
41 29
41 196
41 3
41 3
41 3
41 35
41 3
41 3
41 29
41 193
41 3
41 3
41 29
41 196
41 4
41 2
41 29
41 196
41 4
41 2
41 3
41 35
42 4
42 2
42 29
42 193
42 2
42 2
42 29
42 193
42 3
42 4
42 29
42 193
42 4
42 2
42 29
42 193
42 5
42 4
42 29
42 193
42 0
42 3
42 29
42 193
42 1
42 3
42 29
42 193
42 3
42 3
42 29
42 193
42 4
42 2
42 29
42 193
42 5
42 3
42 29
42 193
43 6
43 3
43 29
43 196
43 1
43 2
43 29
43 196
43 1
43 4
43 29
43 196
43 2
43 2
43 29
43 196
43 2
43 4
43 29
43 196
43 3
43 3
43 29
43 196
43 4
43 2
43 29
43 196
43 5
43 3
43 29
43 196
43 1
43 3
43 29
43 196
43 1
43 4
43 29
43 196
