0 5
0 0
0 12
0 69
0 5
0 1
0 12
0 69
0 6
0 6
0 18
0 96
0 0
0 0
0 12
0 69
0 0
0 6
0 12
0 69
0 0
0 7
0 12
0 69
0 1
0 0
0 12
0 69
0 1
0 6
0 12
0 69
0 1
0 7
0 12
0 69
0 2
0 1
0 12
0 69
1 5
1 1
1 29
1 193
1 5
1 5
1 29
1 193
1 6
1 3
1 29
1 193
1 6
1 6
1 29
1 193
1 1
1 2
1 29
1 193
1 1
1 6
1 29
1 193
1 2
1 2
1 29
1 193
1 2
1 6
1 29
1 193
1 2
1 7
1 29
1 193
1 3
1 3
1 29
1 193
2 2
2 2
2 29
2 193
2 3
2 4
2 29
2 193
2 4
2 2
2 29
2 193
2 5
2 4
2 29
2 193
2 0
2 3
2 29
2 193
2 1
2 3
2 29
2 193
2 3
2 3
2 29
2 193
2 4
2 2
2 29
2 193
2 5
2 3
2 29
2 193
2 0
2 0
2 29
2 193
3 1
3 1
3 18
3 109
3 1
3 1
3 18
3 96
3 1
3 2
3 18
3 109
3 1
3 4
3 18
3 96
3 2
3 2
3 29
3 193
3 2
3 2
3 18
3 96
3 2
3 6
3 18
3 96
3 2
3 6
3 18
3 109
3 3
3 1
3 18
3 96
3 3
3 5
3 18
3 109
4 4
4 6
4 13
4 72
4 5
4 2
4 13
4 72
4 5
4 2
4 18
4 96
4 5
4 5
4 13
4 72
4 1
4 5
4 13
4 72
4 1
4 7
4 13
4 72
4 2
4 1
4 18
4 96
4 2
4 2
4 13
4 72
4 2
4 2
4 18
4 96
4 2
4 6
4 13
4 72
5 6
5 6
5 29
5 193
5 0
5 2
5 29
5 193
5 1
5 1
5 29
5 193
5 2
5 0
5 29
5 193
5 2
5 2
5 29
5 193
5 5
5 0
5 29
5 193
5 3
5 2
5 29
5 193
5 4
5 1
5 29
5 193
5 6
5 7
5 29
5 193
5 5
5 5
5 29
5 193
6 0
6 0
6 29
6 193
6 0
6 5
6 29
6 193
6 1
6 5
6 29
6 193
6 1
6 6
6 29
6 193
6 1
6 7
6 29
6 193
6 2
6 0
6 29
6 193
6 2
6 6
6 29
6 193
6 2
6 7
6 29
6 193
6 3
6 1
6 29
6 193
6 3
6 3
6 29
6 193
7 2
7 0
7 13
7 72
7 2
7 0
7 29
7 193
7 2
7 0
7 13
7 72
7 4
7 0
7 30
7 214
7 4
7 1
7 13
7 72
7 4
7 4
7 13
7 72
7 4
7 6
7 29
7 193
7 4
7 6
7 13
7 72
7 4
7 7
7 13
7 72
7 5
7 0
7 13
7 72
8 1
8 5
8 18
8 96
8 1
8 5
8 18
8 109
8 1
8 6
8 18
8 109
8 1
8 6
8 18
8 96
8 1
8 7
8 18
8 109
8 1
8 7
8 28
8 180
8 1
8 7
8 18
8 109
8 2
8 1
8 18
8 109
8 2
8 1
8 28
8 180
8 2
8 1
8 18
8 109
9 3
9 7
9 29
9 193
9 4
9 6
9 29
9 193
9 5
9 7
9 29
9 193
9 1
9 6
9 29
9 193
9 1
9 7
9 29
9 193
9 4
9 0
9 29
9 193
9 4
9 2
9 29
9 193
9 4
9 5
9 29
9 193
9 5
9 2
9 29
9 193
9 5
9 6
9 29
9 193
10 4
10 0
10 29
10 193
10 4
10 2
10 29
10 193
10 4
10 5
10 29
10 193
10 4
10 6
10 29
10 193
10 4
10 7
10 29
10 193
10 5
10 0
10 29
10 193
10 5
10 1
10 29
10 193
10 5
10 5
10 29
10 193
10 1
10 5
10 29
10 193
10 2
10 0
10 29
10 193
11 4
11 7
11 29
11 205
11 5
11 2
11 29
11 193
11 5
11 3
11 29
11 193
11 5
11 4
11 29
11 193
11 5
11 6
11 29
11 193
11 5
11 7
11 29
11 193
11 6
11 0
11 29
11 193
11 6
11 2
11 29
11 193
11 6
11 4
11 29
11 193
11 0
11 0
11 29
11 193
12 1
12 0
12 27
12 176
12 1
12 1
12 27
12 176
12 1
12 2
12 27
12 176
12 2
12 1
12 27
12 176
12 3
12 1
12 27
12 176
12 3
12 5
12 27
12 176
12 4
12 1
12 27
12 176
12 4
12 3
12 27
12 176
12 5
12 2
12 27
12 176
12 0
12 2
12 27
12 176
13 1
13 7
13 29
13 193
13 4
13 0
13 29
13 193
13 4
13 2
13 29
13 193
13 4
13 5
13 29
13 193
13 5
13 2
13 29
13 193
13 5
13 6
13 29
13 193
13 6
13 2
13 29
13 193
13 6
13 5
13 29
13 193
13 0
13 6
13 29
13 193
13 1
13 3
13 29
13 193
14 3
14 0
14 29
14 193
14 3
14 1
14 29
14 193
14 3
14 2
14 29
14 193
14 3
14 3
14 29
14 193
14 3
14 7
14 29
14 193
14 4
14 2
14 29
14 193
14 4
14 6
14 29
14 193
14 5
14 1
14 29
14 193
14 5
14 3
14 29
14 193
14 5
14 6
14 29
14 193
15 5
15 1
15 18
15 96
15 0
15 0
15 12
15 69
15 0
15 1
15 18
15 96
15 0
15 2
15 18
15 96
15 0
15 2
15 29
15 193
15 0
15 2
15 12
15 69
15 0
15 2
15 18
15 96
15 0
15 5
15 12
15 69
15 5
15 6
15 12
15 69
15 0
15 1
15 12
15 69
16 1
16 1
16 18
16 96
16 1
16 2
16 18
16 96
16 1
16 3
16 18
16 96
16 1
16 5
16 18
16 96
16 2
16 1
16 18
16 96
16 2
16 2
16 18
16 96
16 3
16 1
16 18
16 96
16 3
16 2
16 18
16 96
16 4
16 0
16 18
16 96
16 4
16 1
16 18
16 96
17 6
17 4
17 16
17 91
17 0
17 1
17 13
17 72
17 0
17 5
17 16
17 91
17 2
17 1
17 13
17 72
17 2
17 5
17 16
17 91
17 3
17 0
17 16
17 91
17 3
17 1
17 13
17 72
17 3
17 5
17 16
17 91
17 4
17 2
17 13
17 72
17 4
17 3
17 13
17 72
18 1
18 0
18 12
18 69
18 1
18 2
18 12
18 69
18 3
18 6
18 18
18 96
18 3
18 7
18 12
18 69
18 4
18 0
18 12
18 69
18 4
18 6
18 18
18 96
18 5
18 0
18 12
18 69
18 5
18 6
18 18
18 96
18 1
18 6
18 18
18 96
18 1
18 6
18 12
18 69
19 4
19 5
19 29
19 196
19 4
19 5
19 29
19 193
19 5
19 0
19 29
19 193
19 0
19 5
19 29
19 193
19 0
19 5
19 29
19 192
19 0
19 5
19 29
19 193
19 0
19 7
19 29
19 193
19 1
19 5
19 29
19 193
19 1
19 7
19 29
19 193
19 2
19 0
19 29
19 193
20 3
20 7
20 29
20 193
20 4
20 7
20 29
20 193
20 5
20 3
20 29
20 193
20 2
20 1
20 29
20 193
20 2
20 6
20 29
20 193
20 3
20 2
20 29
20 193
20 3
20 7
20 29
20 193
20 4
20 0
20 29
20 193
20 5
20 0
20 29
20 193
20 6
20 0
20 29
20 193
21 4
21 7
21 29
21 193
21 6
21 0
21 29
21 193
21 2
21 1
21 29
21 193
21 4
21 6
21 29
21 193
21 5
21 6
21 29
21 193
21 3
21 5
21 29
21 193
21 4
21 7
21 29
21 193
21 1
21 2
21 29
21 193
21 2
21 6
21 29
21 193
21 4
21 5
21 29
21 193
22 0
22 0
22 29
22 193
22 0
22 1
22 29
22 193
22 1
22 1
22 29
22 193
22 1
22 5
22 29
22 193
22 3
22 2
22 29
22 193
22 3
22 7
22 29
22 193
22 4
22 0
22 29
22 193
22 5
22 0
22 29
22 193
22 6
22 0
22 29
22 193
22 1
22 3
22 29
22 193
23 0
23 0
23 29
23 193
23 0
23 0
23 13
23 72
23 0
23 2
23 13
23 72
23 0
23 4
23 18
23 96
23 1
23 5
23 18
23 96
23 2
23 5
23 13
23 72
23 3
23 4
23 18
23 96
23 3
23 4
23 13
23 72
23 4
23 5
23 18
23 96
23 5
23 4
23 13
23 72
24 1
24 1
24 29
24 193
24 1
24 1
24 13
24 72
24 1
24 1
24 9
24 57
24 1
24 1
24 16
24 91
24 1
24 1
24 28
24 180
24 1
24 1
24 29
24 193
24 1
24 1
24 31
24 216
24 1
24 1
24 13
24 72
24 1
24 1
24 29
24 196
24 1
24 1
24 29
24 193
25 3
25 1
25 29
25 193
25 5
25 6
25 29
25 193
25 0
25 0
25 29
25 193
25 1
25 0
25 29
25 193
25 1
25 1
25 29
25 193
25 2
25 0
25 29
25 193
25 2
25 1
25 29
25 193
25 2
25 1
25 29
25 192
25 2
25 1
25 29
25 193
25 3
25 0
25 29
25 193
26 4
26 0
26 29
26 193
26 4
26 1
26 29
26 196
26 4
26 2
26 29
26 196
26 4
26 2
26 29
26 193
26 5
26 0
26 29
26 193
26 5
26 1
26 29
26 193
26 5
26 2
26 29
26 193
26 6
26 1
26 29
26 193
26 6
26 1
26 29
26 196
26 6
26 1
26 29
26 193
27 3
27 7
27 29
27 193
27 4
27 0
27 29
27 193
27 4
27 1
27 29
27 193
27 4
27 2
27 29
27 193
27 5
27 0
27 29
27 193
27 5
27 3
27 29
27 193
27 5
27 6
27 29
27 193
27 5
27 7
27 29
27 193
27 6
27 6
27 29
27 193
27 6
27 7
27 29
27 193
28 6
28 7
28 29
28 193
28 0
28 0
28 29
28 196
28 2
28 7
28 29
28 193
28 3
28 0
28 29
28 193
28 3
28 0
28 29
28 196
28 3
28 1
28 29
28 193
28 5
28 6
28 18
28 109
28 2
28 7
28 29
28 193
28 3
28 0
28 29
28 193
28 3
28 1
28 29
28 193
29 6
29 0
29 29
29 193
29 6
29 2
29 29
29 193
29 6
29 4
29 29
29 193
29 0
29 0
29 29
29 193
29 0
29 6
29 29
29 193
29 1
29 0
29 29
29 193
29 1
29 1
29 29
29 193
29 1
29 1
29 29
29 205
29 1
29 3
29 29
29 193
29 1
29 6
29 29
29 193
30 2
30 0
30 13
30 72
30 4
30 0
30 30
30 214
30 4
30 1
30 13
30 72
30 4
30 4
30 13
30 72
30 4
30 6
30 29
30 193
30 4
30 6
30 13
30 72
30 4
30 7
30 13
30 72
30 5
30 0
30 13
30 72
30 5
30 1
30 29
30 193
30 5
30 1
30 13
30 72
31 5
31 7
31 13
31 72
31 6
31 6
31 13
31 72
31 0
31 1
31 13
31 72
31 0
31 6
31 13
31 72
31 4
31 2
31 13
31 72
31 4
31 5
31 13
31 72
31 5
31 2
31 13
31 72
31 5
31 3
31 13
31 72
31 5
31 5
31 13
31 72
31 6
31 0
31 13
31 72
32 1
32 5
32 29
32 193
32 1
32 6
32 29
32 193
32 2
32 0
32 29
32 193
32 2
32 2
32 29
32 193
32 3
32 0
32 29
32 193
32 4
32 0
32 29
32 193
32 4
32 0
32 29
32 196
32 4
32 1
32 29
32 193
32 6
32 5
32 29
32 193
32 3
32 1
32 29
32 196
33 2
33 1
33 29
33 193
33 2
33 5
33 29
33 193
33 2
33 7
33 29
33 193
33 3
33 0
33 29
33 193
33 3
33 1
33 29
33 193
33 3
33 2
33 29
33 193
33 3
33 5
33 29
33 193
33 4
33 0
33 29
33 193
33 4
33 1
33 29
33 193
33 4
33 5
33 29
33 193
34 5
34 1
34 18
34 109
34 5
34 4
34 18
34 96
34 5
34 4
34 18
34 109
34 2
34 4
34 18
34 96
34 2
34 6
34 18
34 109
34 3
34 4
34 18
34 96
34 4
34 2
34 18
34 109
34 4
34 4
34 18
34 96
34 0
34 1
34 18
34 96
34 0
34 1
34 29
34 193
35 2
35 2
35 29
35 193
35 2
35 6
35 29
35 196
35 3
35 1
35 29
35 196
35 3
35 1
35 29
35 193
35 3
35 2
35 29
35 193
35 3
35 5
35 29
35 193
35 4
35 2
35 29
35 196
35 4
35 2
35 29
35 193
35 5
35 2
35 29
35 193
35 2
35 5
35 29
35 193
36 2
36 7
36 18
36 96
36 3
36 2
36 13
36 72
36 6
36 3
36 18
36 96
36 6
36 7
36 18
36 96
36 1
36 1
36 18
36 96
36 3
36 2
36 13
36 72
36 4
36 2
36 13
36 72
36 0
36 1
36 18
36 96
36 2
36 3
36 18
36 96
36 3
36 1
36 18
36 96
37 4
37 6
37 29
37 193
37 5
37 1
37 29
37 193
37 5
37 6
37 29
37 193
37 1
37 6
37 29
37 193
37 2
37 2
37 29
37 193
37 2
37 6
37 29
37 193
37 2
37 7
37 29
37 193
37 3
37 0
37 29
37 193
37 3
37 2
37 29
37 193
37 6
37 0
37 29
37 193
38 5
38 5
38 29
38 193
38 6
38 0
38 29
38 193
38 6
38 1
38 29
38 193
38 0
38 4
38 29
38 193
38 1
38 6
38 29
38 193
38 3
38 6
38 29
38 193
38 3
38 7
38 29
38 193
38 4
38 2
38 29
38 193
38 5
38 1
38 29
38 193
38 5
38 5
38 29
38 193
39 1
39 0
39 29
39 193
39 2
39 0
39 29
39 193
39 3
39 1
39 29
39 193
39 5
39 0
39 29
39 193
39 5
39 7
39 29
39 193
39 6
39 1
39 29
39 193
39 2
39 2
39 13
39 72
39 2
39 4
39 13
39 72
39 3
39 0
39 29
39 193
39 3
39 1
39 13
39 72
40 5
40 2
40 13
40 72
40 5
40 3
40 13
40 72
40 6
40 2
40 13
40 72
40 6
40 3
40 13
40 72
40 0
40 4
40 13
40 72
40 0
40 5
40 13
40 72
40 1
40 0
40 4
40 41
40 1
40 1
40 13
40 72
40 1
40 1
40 4
40 41
40 1
40 2
40 13
40 72
41 5
41 0
41 29
41 193
41 5
41 1
41 29
41 192
41 5
41 1
41 18
41 109
41 5
41 2
41 29
41 193
41 5
41 2
41 18
41 109
41 5
41 5
41 29
41 193
41 6
41 0
41 29
41 193
41 2
41 2
41 18
41 109
41 3
41 1
41 29
41 193
41 3
41 5
41 29
41 193
42 3
42 6
42 18
42 109
42 3
42 7
42 28
42 180
42 3
42 7
42 18
42 109
42 4
42 0
42 18
42 109
42 4
42 0
42 28
42 180
42 4
42 0
42 18
42 109
42 4
42 0
42 28
42 180
42 4
42 0
42 18
42 96
42 4
42 0
42 18
42 109
42 4
42 0
42 27
42 176
43 2
43 2
43 29
43 193
43 2
43 7
43 29
43 193
43 3
43 2
43 29
43 193
43 4
43 0
43 29
43 193
43 4
43 1
43 29
43 193
43 5
43 0
43 29
43 193
43 6
43 2
43 29
43 193
43 0
43 0
43 29
43 205
43 0
43 1
43 29
43 193
43 0
43 7
43 29
43 205
44 1
44 1
44 29
44 193
44 1
44 2
44 29
44 193
44 1
44 7
44 29
44 193
44 3
44 7
44 29
44 193
44 4
44 6
44 29
44 193
44 4
44 6
44 29
44 192
44 5
44 7
44 29
44 193
44 1
44 7
44 29
44 193
44 3
44 2
44 29
44 193
44 3
44 7
44 29
44 205
45 4
45 1
45 29
45 193
45 4
45 5
45 29
45 193
45 5
45 1
45 29
45 193
45 1
45 5
45 29
45 193
45 2
45 0
45 29
45 193
45 2
45 1
45 29
45 193
45 2
45 5
45 29
45 193
45 3
45 0
45 29
45 193
45 3
45 1
45 29
45 193
45 3
45 5
45 29
45 193
46 2
46 7
46 29
46 193
46 1
46 7
46 29
46 193
46 3
46 0
46 29
46 193
46 3
46 7
46 29
46 193
46 4
46 4
46 29
46 193
46 4
46 5
46 29
46 193
46 0
46 0
46 29
46 193
46 1
46 0
46 29
46 193
46 1
46 7
46 29
46 193
46 3
46 1
46 29
46 193
47 4
47 7
47 29
47 193
47 3
47 7
47 29
47 193
47 6
47 1
47 29
47 193
47 0
47 0
47 29
47 193
47 0
47 6
47 29
47 193
47 2
47 0
47 29
47 193
47 4
47 1
47 29
47 193
47 4
47 5
47 29
47 193
47 6
47 0
47 29
47 193
47 6
47 1
47 29
47 193
48 0
48 6
48 29
48 193
48 0
48 7
48 29
48 193
48 1
48 4
48 29
48 193
48 3
48 0
48 29
48 193
48 3
48 4
48 29
48 193
48 4
48 1
48 29
48 193
48 4
48 4
48 29
48 193
48 5
48 0
48 29
48 193
48 5
48 5
48 29
48 193
48 1
48 4
48 29
48 193
49 4
49 1
49 1
49 18
49 4
49 1
49 29
49 196
49 4
49 1
49 3
49 34
49 4
49 1
49 1
49 18
49 4
49 1
49 3
49 34
49 4
49 1
49 1
49 18
49 4
49 1
49 3
49 34
49 4
49 1
49 29
49 196
49 4
49 1
49 1
49 18
49 4
49 1
49 3
49 34
50 6
50 7
50 18
50 96
50 0
50 2
50 18
50 96
50 0
50 4
50 18
50 96
50 1
50 1
50 18
50 96
50 1
50 2
50 18
50 96
50 1
50 5
50 18
50 96
50 2
50 1
50 18
50 96
50 3
50 2
50 18
50 96
50 3
50 4
50 18
50 96
50 3
50 5
50 18
50 96
51 0
51 0
51 13
51 72
51 0
51 6
51 16
51 91
51 1
51 0
51 13
51 72
51 1
51 0
51 16
51 91
51 1
51 2
51 16
51 91
51 1
51 2
51 13
51 72
51 2
51 0
51 13
51 72
51 2
51 0
51 16
51 91
51 2
51 2
51 13
51 72
51 2
51 6
51 13
51 72
52 5
52 0
52 29
52 205
52 5
52 0
52 29
52 193
52 5
52 5
52 29
52 193
52 1
52 7
52 29
52 193
52 2
52 5
52 29
52 193
52 2
52 7
52 29
52 193
52 3
52 1
52 29
52 193
52 3
52 3
52 29
52 205
52 3
52 5
52 29
52 193
52 3
52 7
52 29
52 193
53 3
53 0
53 13
53 72
53 3
53 1
53 27
53 176
53 3
53 1
53 13
53 72
53 4
53 2
53 27
53 176
53 4
53 2
53 13
53 72
53 5
53 0
53 13
53 72
53 5
53 1
53 27
53 176
53 5
53 1
53 13
53 72
53 6
53 0
53 27
53 176
53 6
53 0
53 13
53 72
54 6
54 1
54 29
54 193
54 2
54 1
54 29
54 193
54 2
54 5
54 29
54 193
54 3
54 6
54 29
54 193
54 4
54 5
54 29
54 193
54 5
54 1
54 29
54 193
54 5
54 7
54 29
54 193
54 1
54 2
54 29
54 193
54 3
54 4
54 29
54 193
54 4
54 0
54 29
54 193
55 1
55 7
55 3
55 34
55 1
55 7
55 2
55 27
55 1
55 7
55 9
55 57
55 1
55 7
55 1
55 15
55 1
55 7
55 28
55 180
55 1
55 7
55 27
55 176
55 1
55 7
55 9
55 57
55 1
55 7
55 28
55 180
55 1
55 7
55 27
55 176
55 1
55 7
55 2
55 28
56 4
56 5
56 18
56 96
56 5
56 4
56 13
56 72
56 2
56 4
56 18
56 96
56 3
56 5
56 29
56 193
56 4
56 4
56 18
56 96
56 4
56 5
56 18
56 96
56 4
56 5
56 13
56 72
56 6
56 2
56 18
56 96
56 6
56 3
56 18
56 96
56 6
56 4
56 18
56 96
57 4
57 5
57 29
57 193
57 5
57 0
57 29
57 193
57 2
57 0
57 29
57 193
57 2
57 7
57 29
57 193
57 3
57 0
57 29
57 193
57 3
57 7
57 29
57 193
57 4
57 0
57 29
57 193
57 4
57 5
57 29
57 193
57 5
57 6
57 29
57 193
57 6
57 7
57 29
57 193
58 1
58 4
58 12
58 69
58 2
58 0
58 12
58 69
58 2
58 4
58 12
58 69
58 3
58 2
58 12
58 69
58 3
58 4
58 12
58 69
58 3
58 5
58 12
58 69
58 4
58 0
58 12
58 69
58 4
58 4
58 12
58 69
58 4
58 7
58 12
58 69
58 5
58 5
58 12
58 69
59 2
59 2
59 18
59 109
59 3
59 1
59 29
59 193
59 3
59 5
59 29
59 193
59 3
59 6
59 29
59 193
59 4
59 5
59 29
59 193
59 5
59 5
59 29
59 193
59 6
59 1
59 29
59 192
59 6
59 1
59 18
59 109
59 0
59 5
59 29
59 193
59 1
59 2
59 18
59 109
60 3
60 1
60 13
60 72
60 4
60 1
60 29
60 193
60 5
60 1
60 29
60 193
60 5
60 6
60 29
60 193
60 5
60 7
60 29
60 193
60 6
60 0
60 29
60 193
60 2
60 0
60 29
60 193
60 3
60 1
60 29
60 197
60 3
60 1
60 29
60 193
60 4
60 0
60 29
60 193
61 6
61 7
61 29
61 193
61 0
61 2
61 29
61 193
61 0
61 7
61 29
61 193
61 1
61 2
61 29
61 193
61 1
61 7
61 29
61 193
61 2
61 2
61 29
61 193
61 2
61 6
61 29
61 196
61 2
61 7
61 29
61 193
61 3
61 1
61 29
61 193
61 3
61 3
61 29
61 193
62 3
62 7
62 29
62 193
62 4
62 4
62 29
62 193
62 4
62 5
62 29
62 193
62 0
62 0
62 29
62 193
62 1
62 0
62 29
62 193
62 1
62 7
62 29
62 193
62 3
62 1
62 29
62 193
62 4
62 0
62 29
62 193
62 5
62 0
62 29
62 193
62 6
62 5
62 29
62 193
63 6
63 7
63 13
63 72
63 0
63 2
63 13
63 72
63 0
63 4
63 13
63 72
63 1
63 2
63 13
63 72
63 1
63 4
63 13
63 72
63 3
63 4
63 13
63 72
63 4
63 4
63 13
63 72
63 6
63 3
63 13
63 72
63 0
63 1
63 13
63 72
63 0
63 2
63 13
63 72
64 2
64 6
64 29
64 196
64 2
64 6
64 29
64 193
64 2
64 6
64 29
64 196
64 2
64 6
64 30
64 214
64 2
64 6
64 30
64 213
64 2
64 6
64 30
64 214
64 2
64 6
64 1
64 15
64 2
64 6
64 30
64 213
64 2
64 6
64 29
64 196
64 2
64 6
64 24
64 156
65 5
65 6
65 13
65 72
65 3
65 1
65 13
65 72
65 5
65 6
65 13
65 72
65 6
65 2
65 13
65 72
65 0
65 5
65 13
65 72
65 1
65 5
65 13
65 72
65 1
65 6
65 13
65 72
65 1
65 7
65 13
65 72
65 2
65 0
65 13
65 72
65 2
65 1
65 13
65 72
66 4
66 1
66 24
66 155
66 4
66 1
66 2
66 28
66 4
66 1
66 28
66 180
66 4
66 1
66 30
66 214
66 4
66 1
66 29
66 193
66 4
66 1
66 2
66 27
66 4
66 1
66 2
66 28
66 4
66 1
66 30
66 213
66 4
66 1
66 30
66 214
66 4
66 1
66 1
66 15
67 3
67 1
67 27
67 176
67 3
67 5
67 27
67 176
67 4
67 1
67 27
67 176
67 4
67 3
67 27
67 176
67 5
67 2
67 27
67 176
67 0
67 2
67 27
67 176
67 0
67 3
67 27
67 176
67 1
67 2
67 27
67 176
67 2
67 1
67 27
67 176
67 2
67 2
67 27
67 176
68 3
68 1
68 27
68 176
68 3
68 1
68 13
68 72
68 4
68 2
68 27
68 176
68 4
68 2
68 13
68 72
68 5
68 0
68 13
68 72
68 5
68 1
68 27
68 176
68 5
68 1
68 13
68 72
68 6
68 0
68 27
68 176
68 6
68 0
68 13
68 72
68 2
68 1
68 27
68 176
69 6
69 2
69 29
69 193
69 0
69 0
69 29
69 205
69 0
69 1
69 29
69 193
69 0
69 7
69 29
69 205
69 0
69 7
69 29
69 193
69 1
69 2
69 29
69 193
69 2
69 1
69 29
69 205
69 4
69 7
69 29
69 193
69 5
69 0
69 29
69 193
69 6
69 2
69 29
69 193
70 6
70 2
70 13
70 72
70 2
70 1
70 28
70 180
70 2
70 1
70 13
70 72
70 2
70 1
70 28
70 180
70 2
70 1
70 18
70 109
70 2
70 1
70 18
70 96
70 2
70 1
70 18
70 109
70 2
70 2
70 13
70 72
70 2
70 2
70 18
70 96
70 2
70 2
70 13
70 72
71 6
71 7
71 3
71 34
71 6
71 7
71 9
71 57
71 6
71 7
71 2
71 27
71 6
71 7
71 3
71 34
71 6
71 7
71 2
71 28
71 6
71 7
71 3
71 34
71 6
71 7
71 9
71 57
71 6
71 7
71 2
71 27
71 6
71 7
71 3
71 34
71 6
71 7
71 9
71 56
72 1
72 4
72 16
72 91
72 1
72 5
72 16
72 91
72 1
72 7
72 16
72 91
72 2
72 3
72 16
72 91
72 2
72 5
72 16
72 91
72 2
72 6
72 16
72 91
72 3
72 2
72 16
72 91
72 4
72 1
72 16
72 91
72 4
72 2
72 16
72 91
72 4
72 6
72 16
72 91
73 6
73 3
73 29
73 193
73 0
73 3
73 29
73 193
73 0
73 6
73 29
73 193
73 1
73 1
73 29
73 193
73 3
73 1
73 29
73 193
73 1
73 5
73 29
73 193
73 2
73 2
73 29
73 193
73 3
73 3
73 29
73 193
73 4
73 1
73 29
73 193
73 4
73 2
73 29
73 193
74 2
74 7
74 29
74 193
74 3
74 7
74 29
74 193
74 5
74 3
74 29
74 193
74 2
74 0
74 29
74 193
74 2
74 1
74 29
74 193
74 5
74 1
74 29
74 193
74 1
74 7
74 29
74 193
74 4
74 0
74 29
74 193
74 4
74 7
74 29
74 193
74 5
74 3
74 29
74 193
75 6
75 6
75 13
75 72
75 6
75 7
75 18
75 96
75 6
75 7
75 13
75 72
75 0
75 3
75 13
75 72
75 0
75 6
75 13
75 72
75 0
75 7
75 13
75 72
75 1
75 1
75 13
75 72
75 1
75 5
75 13
75 72
75 2
75 0
75 13
75 72
75 2
75 6
75 13
75 72
76 4
76 3
76 18
76 96
76 4
76 4
76 18
76 96
76 4
76 4
76 29
76 193
76 4
76 4
76 18
76 96
76 5
76 1
76 18
76 109
76 5
76 1
76 18
76 96
76 5
76 1
76 18
76 109
76 5
76 4
76 18
76 96
76 5
76 4
76 18
76 109
76 2
76 4
76 18
76 96
77 4
77 1
77 18
77 109
77 4
77 1
77 13
77 72
77 4
77 1
77 28
77 180
77 4
77 7
77 13
77 72
77 4
77 7
77 18
77 109
77 5
77 0
77 13
77 72
77 5
77 1
77 18
77 109
77 5
77 1
77 28
77 180
77 5
77 1
77 18
77 109
77 5
77 1
77 28
77 180
78 3
78 0
78 29
78 192
78 3
78 2
78 29
78 193
78 2
78 2
78 29
78 193
78 2
78 4
78 29
78 193
78 2
78 7
78 29
78 193
78 4
78 6
78 29
78 193
78 4
78 7
78 29
78 193
78 5
78 1
78 29
78 193
78 6
78 5
78 29
78 193
78 6
78 6
78 29
78 193
79 4
79 1
79 18
79 96
79 4
79 2
79 18
79 96
79 4
79 7
79 29
79 193
79 5
79 1
79 18
79 96
79 5
79 3
79 18
79 96
79 1
79 5
79 18
79 96
79 2
79 2
79 18
79 96
79 2
79 3
79 18
79 96
79 2
79 5
79 18
79 96
79 3
79 2
79 18
79 96
80 0
80 1
80 13
80 72
80 0
80 1
80 18
80 109
80 5
80 2
80 13
80 72
80 6
80 2
80 18
80 109
80 6
80 4
80 13
80 72
80 6
80 4
80 18
80 109
80 0
80 4
80 13
80 72
80 2
80 4
80 13
80 72
80 4
80 1
80 18
80 109
80 4
80 1
80 13
80 72
81 3
81 7
81 29
81 193
81 5
81 2
81 29
81 193
81 5
81 6
81 29
81 193
81 1
81 1
81 29
81 193
81 1
81 1
81 29
81 205
81 1
81 2
81 29
81 193
81 1
81 6
81 29
81 193
81 3
81 2
81 29
81 193
81 4
81 3
81 29
81 193
81 5
81 4
81 29
81 193
82 5
82 0
82 29
82 193
82 5
82 7
82 29
82 193
82 6
82 1
82 29
82 193
82 6
82 6
82 29
82 193
82 0
82 3
82 29
82 193
82 1
82 2
82 29
82 193
82 3
82 1
82 29
82 193
82 3
82 2
82 29
82 193
82 4
82 1
82 29
82 193
82 5
82 1
82 29
82 193
83 0
83 5
83 29
83 193
83 0
83 7
83 29
83 193
83 1
83 5
83 29
83 193
83 1
83 7
83 29
83 193
83 2
83 0
83 29
83 193
83 2
83 0
83 29
83 192
83 2
83 0
83 29
83 193
83 3
83 5
83 29
83 193
83 3
83 5
83 29
83 192
83 3
83 5
83 29
83 193
84 5
84 1
84 29
84 193
84 5
84 2
84 29
84 193
84 6
84 0
84 29
84 193
84 2
84 1
84 29
84 193
84 4
84 2
84 29
84 193
84 5
84 2
84 29
84 193
84 6
84 6
84 29
84 193
84 1
84 6
84 29
84 193
84 3
84 1
84 29
84 193
84 3
84 7
84 29
84 193
85 4
85 0
85 29
85 193
85 4
85 0
85 29
85 205
85 4
85 0
85 29
85 192
85 4
85 5
85 29
85 193
85 4
85 7
85 29
85 193
85 1
85 5
85 29
85 193
85 2
85 0
85 29
85 193
85 2
85 5
85 29
85 193
85 2
85 6
85 29
85 193
85 3
85 1
85 29
85 193
86 1
86 1
86 29
86 193
86 1
86 2
86 29
86 193
86 1
86 7
86 29
86 193
86 2
86 1
86 29
86 193
86 2
86 5
86 29
86 193
86 5
86 0
86 29
86 193
86 6
86 0
86 29
86 193
86 2
86 7
86 29
86 193
86 3
86 1
86 29
86 193
86 5
86 6
86 29
86 193
87 3
87 5
87 12
87 69
87 4
87 0
87 12
87 69
87 4
87 4
87 12
87 69
87 4
87 7
87 12
87 69
87 5
87 5
87 12
87 69
87 6
87 0
87 12
87 69
87 3
87 0
87 12
87 69
87 3
87 4
87 12
87 69
87 3
87 7
87 12
87 69
87 4
87 0
87 12
87 69
88 1
88 6
88 18
88 109
88 1
88 7
88 18
88 109
88 2
88 0
88 18
88 96
88 2
88 2
88 18
88 109
88 2
88 5
88 18
88 96
88 2
88 5
88 18
88 109
88 2
88 6
88 16
88 91
88 2
88 6
88 18
88 109
88 2
88 6
88 16
88 91
88 2
88 7
88 16
88 91
89 0
89 1
89 29
89 193
89 0
89 1
89 18
89 96
89 0
89 2
89 18
89 96
89 0
89 2
89 18
89 109
89 0
89 3
89 18
89 96
89 1
89 3
89 18
89 96
89 1
89 3
89 29
89 193
89 1
89 3
89 18
89 96
89 6
89 3
89 18
89 96
89 0
89 1
89 18
89 96
90 4
90 1
90 29
90 202
90 4
90 1
90 29
90 205
90 5
90 1
90 29
90 193
90 5
90 1
90 29
90 205
90 5
90 1
90 29
90 193
90 5
90 7
90 29
90 193
90 6
90 2
90 29
90 193
90 0
90 0
90 29
90 193
90 0
90 1
90 29
90 193
90 1
90 1
90 29
90 193
91 2
91 2
91 29
91 193
91 3
91 2
91 29
91 193
91 4
91 1
91 29
91 193
91 5
91 2
91 29
91 193
91 5
91 6
91 29
91 193
91 0
91 1
91 29
91 193
91 0
91 7
91 29
91 193
91 1
91 0
91 29
91 193
91 1
91 1
91 29
91 193
91 4
91 5
91 29
91 193
92 4
92 2
92 13
92 72
92 0
92 0
92 4
92 41
92 0
92 1
92 4
92 41
92 0
92 1
92 13
92 72
92 0
92 4
92 13
92 72
92 0
92 5
92 13
92 72
92 1
92 1
92 4
92 41
92 1
92 4
92 13
92 72
92 1
92 5
92 13
92 72
92 2
92 0
92 4
92 41
93 4
93 0
93 29
93 193
93 5
93 5
93 29
93 193
93 2
93 5
93 29
93 193
93 2
93 7
93 29
93 193
93 3
93 6
93 29
93 193
93 4
93 0
93 29
93 193
93 4
93 1
93 29
93 193
93 5
93 1
93 29
93 193
93 5
93 5
93 29
93 193
93 5
93 6
93 29
93 193
94 1
94 0
94 16
94 91
94 1
94 2
94 16
94 91
94 1
94 2
94 13
94 72
94 2
94 0
94 13
94 72
94 2
94 0
94 16
94 91
94 2
94 2
94 13
94 72
94 2
94 6
94 13
94 72
94 2
94 7
94 16
94 91
94 2
94 7
94 13
94 72
94 3
94 0
94 13
94 72
95 4
95 3
95 29
95 193
95 6
95 4
95 13
95 72
95 6
95 4
95 3
95 35
95 6
95 4
95 29
95 193
95 3
95 3
95 13
95 72
95 3
95 3
95 3
95 35
95 3
95 3
95 29
95 193
95 4
95 4
95 13
95 72
95 4
95 4
95 3
95 35
95 4
95 4
95 29
95 193
96 5
96 6
96 29
96 193
96 6
96 7
96 29
96 193
96 0
96 1
96 29
96 193
96 0
96 6
96 29
96 193
96 1
96 2
96 29
96 193
96 1
96 7
96 29
96 193
96 2
96 0
96 29
96 193
96 3
96 6
96 29
96 193
96 4
96 0
96 29
96 193
96 4
96 6
96 29
96 193
97 4
97 1
97 29
97 196
97 4
97 1
97 29
97 193
97 5
97 0
97 29
97 193
97 5
97 6
97 29
97 193
97 5
97 7
97 29
97 193
97 0
97 0
97 29
97 193
97 0
97 1
97 29
97 196
97 1
97 1
97 29
97 193
97 1
97 5
97 29
97 193
97 2
97 1
97 29
97 193
98 2
98 7
98 29
98 193
98 3
98 0
98 29
98 193
98 3
98 1
98 29
98 193
98 6
98 6
98 29
98 193
98 6
98 7
98 29
98 196
98 2
98 0
98 2
98 28
98 2
98 4
98 29
98 193
98 2
98 5
98 29
98 193
98 2
98 5
98 18
98 109
98 2
98 7
98 29
98 193
99 3
99 6
99 24
99 156
99 3
99 6
99 28
99 180
99 3
99 6
99 16
99 91
99 3
99 6
99 28
99 180
99 3
99 6
99 16
99 91
99 3
99 6
99 2
99 28
99 3
99 6
99 16
99 91
99 3
99 6
99 28
99 180
99 3
99 6
99 16
99 91
99 3
99 6
99 28
99 180
100 1
100 2
100 13
100 72
100 2
100 3
100 29
100 193
100 2
100 4
100 13
100 72
100 4
100 4
100 13
100 72
100 2
100 3
100 29
100 193
100 3
100 3
100 13
100 72
100 4
100 3
100 13
100 72
100 5
100 4
100 13
100 72
100 5
100 6
100 13
100 72
100 6
100 5
100 13
100 72
101 5
101 2
101 13
101 72
101 5
101 3
101 13
101 72
101 6
101 0
101 13
101 72
101 2
101 0
101 13
101 72
101 3
101 0
101 13
101 72
101 3
101 2
101 16
101 91
101 3
101 2
101 13
101 72
101 3
101 7
101 16
101 91
101 4
101 0
101 13
101 72
101 4
101 2
101 13
101 72
102 6
102 2
102 29
102 193
102 6
102 3
102 29
102 193
102 0
102 3
102 29
102 205
102 1
102 3
102 29
102 193
102 1
102 3
102 29
102 205
102 1
102 3
102 13
102 72
102 1
102 3
102 29
102 193
102 1
102 6
102 29
102 193
102 4
102 2
102 29
102 193
102 4
102 3
102 29
102 193
103 3
103 6
103 12
103 69
103 3
103 7
103 12
103 69
103 4
103 0
103 12
103 69
103 4
103 1
103 12
103 69
103 4
103 6
103 12
103 69
103 4
103 7
103 12
103 69
103 5
103 0
103 12
103 69
103 5
103 1
103 12
103 69
103 5
103 6
103 18
103 96
103 6
103 2
103 12
103 69
104 1
104 0
104 1
104 18
104 1
104 0
104 16
104 91
104 1
104 0
104 2
104 28
104 1
104 0
104 3
104 34
104 1
104 0
104 2
104 28
104 1
104 0
104 1
104 15
104 1
104 0
104 27
104 176
104 1
104 0
104 1
104 15
104 1
104 0
104 27
104 176
104 1
104 0
104 30
104 214
105 2
105 7
105 29
105 193
105 3
105 0
105 29
105 193
105 3
105 1
105 29
105 193
105 3
105 2
105 29
105 193
105 4
105 0
105 29
105 193
105 4
105 1
105 29
105 193
105 4
105 2
105 29
105 193
105 5
105 0
105 29
105 193
105 5
105 2
105 29
105 193
105 5
105 7
105 29
105 193
106 6
106 7
106 9
106 57
106 6
106 7
106 2
106 27
106 6
106 7
106 3
106 34
106 6
106 7
106 9
106 56
106 6
106 7
106 16
106 91
106 6
106 7
106 16
106 84
106 6
106 7
106 16
106 91
106 6
106 7
106 31
106 216
106 6
106 7
106 24
106 155
106 6
106 7
106 24
106 156
107 2
107 1
107 29
107 193
107 3
107 1
107 29
107 193
107 3
107 7
107 29
107 196
107 3
107 7
107 29
107 193
107 4
107 2
107 29
107 193
107 4
107 7
107 29
107 193
107 5
107 0
107 29
107 193
107 5
107 1
107 29
107 193
107 6
107 6
107 29
107 193
107 0
107 6
107 29
107 193
108 4
108 1
108 29
108 193
108 4
108 7
108 29
108 193
108 4
108 7
108 29
108 196
108 5
108 1
108 29
108 193
108 2
108 4
108 29
108 193
108 2
108 7
108 29
108 193
108 5
108 3
108 29
108 193
108 6
108 0
108 29
108 193
108 6
108 0
108 29
108 196
108 6
108 1
108 29
108 193
109 4
109 1
109 29
109 196
109 4
109 5
109 29
109 193
109 5
109 5
109 29
109 193
109 6
109 2
109 29
109 193
109 6
109 6
109 29
109 193
109 0
109 5
109 29
109 193
109 1
109 1
109 29
109 193
109 1
109 7
109 29
109 193
109 3
109 5
109 29
109 193
109 3
109 6
109 29
109 193
110 2
110 7
110 29
110 193
110 3
110 1
110 29
110 193
110 3
110 6
110 29
110 193
110 4
110 1
110 29
110 193
110 4
110 3
110 29
110 193
110 4
110 5
110 29
110 193
110 5
110 2
110 29
110 193
110 5
110 6
110 29
110 193
110 6
110 1
110 29
110 193
110 1
110 7
110 29
110 193
111 6
111 0
111 29
111 193
111 0
111 1
111 29
111 193
111 1
111 0
111 29
111 192
111 1
111 1
111 29
111 205
111 1
111 1
111 29
111 193
111 1
111 1
111 29
111 205
111 1
111 1
111 29
111 193
111 3
111 2
111 29
111 193
111 3
111 3
111 29
111 193
111 4
111 0
111 29
111 193
112 2
112 4
112 29
112 193
112 2
112 5
112 29
112 193
112 4
112 1
112 29
112 193
112 4
112 4
112 29
112 193
112 5
112 2
112 29
112 193
112 5
112 7
112 29
112 193
112 6
112 0
112 29
112 193
112 6
112 1
112 29
112 193
112 0
112 5
112 29
112 193
112 1
112 0
112 29
112 193
113 3
113 1
113 18
113 96
113 3
113 2
113 13
113 72
113 3
113 2
113 18
113 96
113 3
113 5
113 13
113 72
113 3
113 6
113 13
113 72
113 4
113 2
113 13
113 72
113 4
113 2
113 18
113 96
113 5
113 2
113 13
113 72
113 5
113 2
113 29
113 193
113 5
113 2
113 18
113 96
114 3
114 5
114 13
114 72
114 3
114 6
114 29
114 193
114 3
114 7
114 29
114 193
114 4
114 2
114 13
114 72
114 4
114 2
114 29
114 193
114 5
114 0
114 29
114 193
114 5
114 1
114 13
114 72
114 5
114 2
114 13
114 72
114 1
114 7
114 29
114 193
114 2
114 1
114 13
114 72
115 0
115 2
115 29
115 193
115 1
115 1
115 29
115 193
115 1
115 5
115 29
115 193
115 2
115 0
115 29
115 193
115 2
115 5
115 29
115 193
115 3
115 1
115 29
115 193
115 3
115 2
115 29
115 193
115 3
115 2
115 18
115 109
115 3
115 4
115 29
115 193
115 3
115 6
115 29
115 193
116 2
116 4
116 13
116 72
116 3
116 2
116 13
116 72
116 5
116 3
116 13
116 72
116 5
116 4
116 13
116 72
116 1
116 6
116 24
116 150
116 1
116 6
116 13
116 72
116 3
116 3
116 13
116 72
116 3
116 4
116 13
116 72
116 4
116 3
116 13
116 72
116 5
116 3
116 13
116 72
117 2
117 0
117 18
117 96
117 2
117 2
117 18
117 109
117 2
117 5
117 18
117 96
117 2
117 5
117 18
117 109
117 2
117 6
117 16
117 91
117 2
117 6
117 18
117 109
117 2
117 6
117 16
117 91
117 2
117 7
117 16
117 91
117 2
117 7
117 27
117 176
117 2
117 7
117 16
117 91
118 1
118 7
118 29
118 193
118 2
118 2
118 29
118 193
118 2
118 3
118 29
118 193
118 3
118 7
118 29
118 193
118 5
118 2
118 29
118 193
118 5
118 6
118 29
118 193
118 1
118 1
118 29
118 193
118 1
118 1
118 29
118 205
118 1
118 2
118 29
118 193
118 1
118 6
118 29
118 193
119 2
119 0
119 29
119 193
119 2
119 3
119 29
119 193
119 2
119 6
119 29
119 193
119 3
119 2
119 29
119 193
119 3
119 4
119 29
119 193
119 3
119 7
119 29
119 193
119 4
119 5
119 29
119 193
119 4
119 7
119 29
119 193
119 5
119 5
119 29
119 193
119 6
119 1
119 29
119 193
120 0
120 0
120 29
120 193
120 0
120 6
120 29
120 193
120 2
120 0
120 29
120 193
120 4
120 1
120 29
120 193
120 4
120 5
120 29
120 193
120 6
120 0
120 29
120 193
120 6
120 1
120 29
120 193
120 0
120 1
120 29
120 193
120 1
120 7
120 29
120 193
120 2
120 0
120 29
120 205
121 2
121 5
121 30
121 214
121 2
121 5
121 4
121 41
121 2
121 5
121 30
121 213
121 2
121 5
121 2
121 27
121 2
121 5
121 3
121 34
121 2
121 5
121 2
121 28
121 2
121 5
121 2
121 27
121 2
121 5
121 3
121 34
121 2
121 5
121 2
121 28
121 2
121 5
121 3
121 34
122 4
122 6
122 29
122 193
122 5
122 1
122 29
122 193
122 5
122 3
122 29
122 193
122 5
122 6
122 29
122 193
122 6
122 3
122 29
122 193
122 6
122 7
122 29
122 193
122 0
122 0
122 29
122 193
122 0
122 1
122 29
122 193
122 0
122 2
122 29
122 193
122 1
122 2
122 29
122 193
123 3
123 2
123 13
123 72
123 4
123 2
123 13
123 72
123 2
123 1
123 29
123 193
123 2
123 2
123 13
123 72
123 2
123 6
123 13
123 72
123 3
123 1
123 13
123 72
123 3
123 2
123 29
123 193
123 3
123 2
123 13
123 72
123 4
123 3
123 13
123 72
123 4
123 5
123 13
123 72
124 1
124 5
124 29
124 192
124 1
124 6
124 29
124 193
124 1
124 7
124 29
124 193
124 2
124 1
124 29
124 193
124 2
124 3
124 29
124 193
124 2
124 5
124 29
124 193
124 2
124 7
124 29
124 193
124 3
124 2
124 29
124 193
124 3
124 3
124 29
124 193
124 3
124 5
124 29
124 193
125 4
125 4
125 29
125 193
125 5
125 4
125 29
125 193
125 2
125 3
125 29
125 193
125 3
125 2
125 29
125 193
125 4
125 2
125 29
125 193
125 4
125 5
125 29
125 193
125 4
125 6
125 29
125 193
125 6
125 5
125 29
125 193
125 0
125 4
125 29
125 193
125 0
125 7
125 29
125 193
126 4
126 2
126 29
126 202
126 4
126 2
126 29
126 193
126 4
126 5
126 29
126 193
126 5
126 1
126 29
126 193
126 1
126 6
126 13
126 72
126 2
126 6
126 29
126 193
126 3
126 5
126 18
126 109
126 4
126 2
126 29
126 193
126 4
126 6
126 18
126 109
126 5
126 6
126 16
126 91
127 6
127 7
127 12
127 69
127 0
127 1
127 12
127 69
127 2
127 0
127 12
127 69
127 2
127 2
127 12
127 69
127 3
127 0
127 12
127 69
127 3
127 2
127 12
127 69
127 4
127 0
127 12
127 69
127 4
127 2
127 12
127 69
127 5
127 1
127 12
127 69
127 5
127 6
127 12
127 69
128 4
128 0
128 28
128 180
128 4
128 0
128 18
128 109
128 4
128 0
128 28
128 180
128 4
128 0
128 18
128 96
128 4
128 0
128 18
128 109
128 4
128 0
128 27
128 176
128 4
128 1
128 18
128 109
128 4
128 5
128 18
128 96
128 4
128 5
128 18
128 109
128 4
128 5
128 16
128 91
129 0
129 6
129 29
129 193
129 0
129 7
129 29
129 196
129 0
129 7
129 29
129 193
129 1
129 2
129 29
129 193
129 1
129 6
129 29
129 196
129 2
129 0
129 29
129 193
129 2
129 1
129 29
129 193
129 2
129 1
129 29
129 196
129 2
129 1
129 29
129 193
129 3
129 1
129 29
129 193
130 5
130 6
130 2
130 27
130 5
130 6
130 27
130 176
130 5
130 6
130 24
130 155
130 5
130 6
130 2
130 28
130 5
130 6
130 16
130 91
130 5
130 6
130 2
130 28
130 5
130 6
130 27
130 176
130 5
130 6
130 29
130 196
130 5
130 6
130 30
130 214
130 5
130 6
130 29
130 193
131 6
131 0
131 29
131 193
131 1
131 7
131 29
131 193
131 2
131 0
131 29
131 193
131 2
131 1
131 29
131 193
131 2
131 2
131 29
131 193
131 2
131 7
131 29
131 193
131 3
131 1
131 29
131 193
131 3
131 2
131 29
131 193
131 4
131 1
131 29
131 193
131 4
131 2
131 29
131 193
132 2
132 2
132 10
132 60
132 2
132 2
132 13
132 75
132 2
132 2
132 13
132 72
132 2
132 3
132 13
132 72
132 3
132 1
132 18
132 96
132 3
132 1
132 13
132 72
132 3
132 1
132 18
132 96
132 3
132 1
132 13
132 72
132 3
132 1
132 29
132 193
132 3
132 1
132 4
132 41
133 4
133 7
133 29
133 193
133 0
133 1
133 13
133 72
133 0
133 5
133 13
133 72
133 1
133 2
133 13
133 72
133 1
133 5
133 13
133 72
133 2
133 1
133 13
133 72
133 2
133 5
133 13
133 72
133 2
133 5
133 29
133 193
133 2
133 7
133 29
133 193
133 3
133 1
133 13
133 72
134 0
134 0
134 29
134 192
134 0
134 0
134 29
134 202
134 1
134 1
134 29
134 193
134 3
134 5
134 29
134 193
134 3
134 6
134 29
134 193
134 3
134 7
134 29
134 193
134 5
134 1
134 29
134 193
134 0
134 0
134 29
134 193
134 0
134 5
134 29
134 193
134 0
134 6
134 29
134 193
135 3
135 5
135 18
135 96
135 4
135 1
135 18
135 96
135 4
135 2
135 18
135 96
135 4
135 2
135 29
135 193
135 4
135 2
135 18
135 96
135 5
135 0
135 18
135 96
135 5
135 1
135 18
135 96
135 5
135 2
135 18
135 96
135 6
135 1
135 18
135 96
135 6
135 3
135 18
135 96
136 5
136 0
136 29
136 193
136 5
136 1
136 13
136 72
136 5
136 2
136 13
136 72
136 1
136 7
136 29
136 193
136 2
136 1
136 13
136 72
136 2
136 6
136 29
136 193
136 2
136 7
136 29
136 193
136 3
136 0
136 29
136 193
136 3
136 0
136 29
136 205
136 3
136 0
136 29
136 193
137 4
137 2
137 16
137 91
137 5
137 4
137 16
137 91
137 5
137 5
137 16
137 91
137 6
137 1
137 13
137 72
137 6
137 4
137 16
137 91
137 0
137 1
137 13
137 72
137 0
137 5
137 16
137 91
137 2
137 1
137 13
137 72
137 2
137 5
137 16
137 91
137 3
137 0
137 16
137 91
138 4
138 1
138 29
138 193
138 4
138 5
138 29
138 193
138 4
138 6
138 29
138 193
138 4
138 7
138 29
138 193
138 5
138 1
138 29
138 193
138 5
138 6
138 29
138 193
138 6
138 6
138 29
138 193
138 0
138 1
138 29
138 193
138 0
138 5
138 29
138 193
138 0
138 7
138 29
138 193
139 4
139 1
139 27
139 176
139 4
139 2
139 27
139 176
139 5
139 2
139 27
139 176
139 5
139 3
139 27
139 176
139 5
139 7
139 27
139 176
139 1
139 0
139 27
139 176
139 1
139 1
139 27
139 176
139 1
139 2
139 27
139 176
139 2
139 1
139 27
139 176
139 3
139 1
139 27
139 176
140 6
140 6
140 13
140 72
140 6
140 6
140 16
140 91
140 0
140 0
140 13
140 72
140 0
140 6
140 16
140 91
140 1
140 0
140 13
140 72
140 1
140 0
140 16
140 91
140 1
140 2
140 16
140 91
140 1
140 2
140 13
140 72
140 2
140 0
140 13
140 72
140 2
140 0
140 16
140 91
141 6
141 7
141 16
141 91
141 0
141 0
141 16
141 91
141 2
141 3
141 16
141 91
141 1
141 7
141 16
141 91
141 2
141 5
141 16
141 91
141 4
141 7
141 16
141 91
141 6
141 3
141 13
141 72
141 6
141 5
141 16
141 91
141 0
141 2
141 16
141 91
141 3
141 7
141 13
141 72
142 6
142 7
142 29
142 193
142 0
142 0
142 29
142 193
142 0
142 2
142 29
142 193
142 0
142 7
142 29
142 193
142 1
142 2
142 29
142 193
142 1
142 7
142 29
142 193
142 3
142 2
142 29
142 193
142 3
142 5
142 29
142 193
142 4
142 2
142 29
142 193
142 4
142 6
142 29
142 193
143 5
143 1
143 12
143 69
143 5
143 1
143 18
143 96
143 5
143 1
143 12
143 69
143 5
143 1
143 18
143 96
143 0
143 0
143 12
143 69
143 0
143 1
143 18
143 96
143 0
143 2
143 18
143 96
143 0
143 2
143 29
143 193
143 0
143 2
143 12
143 69
143 0
143 2
143 18
143 96
144 5
144 0
144 29
144 193
144 6
144 0
144 29
144 193
144 2
144 1
144 29
144 202
144 2
144 5
144 29
144 193
144 2
144 6
144 29
144 193
144 3
144 6
144 29
144 193
144 5
144 0
144 29
144 193
144 5
144 3
144 29
144 193
144 5
144 6
144 29
144 193
144 6
144 1
144 29
144 193
145 2
145 6
145 29
145 193
145 2
145 7
145 29
145 193
145 3
145 1
145 29
145 193
145 3
145 6
145 29
145 193
145 4
145 1
145 29
145 193
145 1
145 2
145 29
145 193
145 2
145 1
145 29
145 193
145 4
145 1
145 29
145 193
145 4
145 3
145 29
145 193
145 5
145 2
145 13
145 72
146 6
146 5
146 13
146 72
146 6
146 7
146 13
146 72
146 0
146 0
146 13
146 72
146 5
146 0
146 13
146 72
146 5
146 2
146 13
146 72
146 5
146 6
146 13
146 72
146 3
146 1
146 13
146 72
146 5
146 6
146 13
146 72
146 6
146 2
146 13
146 72
146 0
146 5
146 13
146 72
147 0
147 0
147 18
147 96
147 0
147 2
147 18
147 96
147 0
147 3
147 18
147 96
147 1
147 1
147 18
147 96
147 1
147 2
147 18
147 96
147 1
147 3
147 18
147 96
147 1
147 5
147 18
147 96
147 2
147 1
147 18
147 96
147 2
147 2
147 18
147 96
147 3
147 1
147 18
147 96
148 0
148 7
148 12
148 67
148 0
148 7
148 12
148 69
148 1
148 0
148 12
148 67
148 1
148 0
148 12
148 69
148 1
148 0
148 13
148 72
148 1
148 2
148 29
148 193
148 1
148 6
148 12
148 69
148 2
148 0
148 13
148 72
148 3
148 7
148 12
148 69
148 4
148 0
148 12
148 69
149 1
149 6
149 12
149 69
149 2
149 1
149 12
149 69
149 2
149 1
149 18
149 96
149 2
149 6
149 12
149 69
149 3
149 1
149 12
149 69
149 3
149 5
149 12
149 69
149 4
149 1
149 12
149 69
149 4
149 5
149 12
149 69
149 5
149 1
149 12
149 69
149 5
149 1
149 18
149 96
150 3
150 1
150 29
150 193
150 4
150 0
150 29
150 193
150 4
150 2
150 29
150 193
150 4
150 2
150 29
150 198
150 4
150 2
150 29
150 193
150 4
150 2
150 29
150 198
150 4
150 5
150 29
150 193
150 5
150 7
150 29
150 193
150 6
150 1
150 29
150 193
150 6
150 7
150 29
150 193
151 6
151 1
151 29
151 193
151 6
151 2
151 29
151 193
151 6
151 5
151 29
151 193
151 0
151 5
151 29
151 193
151 1
151 2
151 29
151 193
151 3
151 2
151 29
151 193
151 4
151 1
151 29
151 193
151 4
151 2
151 29
151 193
151 4
151 4
151 29
151 193
151 4
151 6
151 29
151 193
152 4
152 0
152 29
152 193
152 4
152 7
152 29
152 193
152 1
152 6
152 29
152 193
152 2
152 6
152 29
152 193
152 2
152 7
152 29
152 193
152 4
152 1
152 29
152 193
152 5
152 5
152 16
152 91
152 5
152 5
152 29
152 193
152 5
152 6
152 29
152 193
152 0
152 0
152 29
152 193
153 1
153 7
153 29
153 193
153 2
153 1
153 29
153 193
153 3
153 1
153 29
153 193
153 3
153 7
153 29
153 196
153 3
153 7
153 29
153 193
153 4
153 2
153 29
153 193
153 4
153 7
153 29
153 193
153 5
153 0
153 29
153 193
153 5
153 1
153 29
153 193
153 6
153 6
153 29
153 193
154 4
154 7
154 29
154 193
154 6
154 0
154 29
154 205
154 6
154 0
154 29
154 193
154 6
154 1
154 29
154 193
154 0
154 0
154 29
154 192
154 0
154 0
154 29
154 202
154 1
154 1
154 29
154 193
154 3
154 5
154 29
154 193
154 3
154 6
154 29
154 193
154 3
154 7
154 29
154 193
155 1
155 2
155 29
155 193
155 1
155 6
155 29
155 193
155 3
155 2
155 29
155 193
155 4
155 3
155 29
155 193
155 5
155 4
155 29
155 193
155 5
155 6
155 29
155 193
155 0
155 2
155 29
155 193
155 1
155 7
155 29
155 193
155 2
155 1
155 29
155 193
155 2
155 2
155 29
155 193
156 1
156 5
156 18
156 96
156 2
156 3
156 18
156 96
156 2
156 5
156 18
156 96
156 3
156 1
156 13
156 72
156 3
156 2
156 18
156 96
156 3
156 5
156 18
156 96
156 4
156 1
156 18
156 96
156 4
156 2
156 18
156 96
156 4
156 7
156 29
156 193
156 5
156 1
156 18
156 96
157 1
157 4
157 29
157 205
157 1
157 6
157 29
157 193
157 2
157 0
157 29
157 193
157 2
157 3
157 29
157 205
157 2
157 5
157 29
157 193
157 2
157 7
157 29
157 193
157 3
157 5
157 29
157 193
157 3
157 6
157 29
157 193
157 4
157 0
157 29
157 193
157 4
157 1
157 29
157 193
158 3
158 5
158 18
158 109
158 4
158 1
158 18
158 96
158 4
158 5
158 18
158 109
158 5
158 7
158 18
158 109
158 3
158 6
158 18
158 109
158 5
158 1
158 18
158 109
158 4
158 1
158 18
158 96
158 4
158 5
158 18
158 109
158 1
158 1
158 29
158 193
158 1
158 1
158 18
158 96
159 0
159 1
159 29
159 193
159 0
159 5
159 29
159 193
159 1
159 0
159 29
159 193
159 1
159 1
159 29
159 193
159 1
159 2
159 29
159 193
159 1
159 5
159 29
159 193
159 2
159 0
159 29
159 193
159 2
159 0
159 29
159 205
159 2
159 1
159 29
159 193
159 2
159 2
159 29
159 193
160 3
160 2
160 29
160 193
160 3
160 2
160 29
160 205
160 3
160 2
160 29
160 193
160 3
160 7
160 29
160 193
160 4
160 1
160 29
160 193
160 4
160 2
160 29
160 205
160 4
160 3
160 29
160 193
160 5
160 0
160 29
160 193
160 5
160 2
160 29
160 193
160 5
160 2
160 29
160 205
161 4
161 1
161 28
161 180
161 4
161 1
161 30
161 214
161 4
161 1
161 29
161 193
161 4
161 1
161 2
161 27
161 4
161 1
161 2
161 28
161 4
161 1
161 30
161 213
161 4
161 1
161 30
161 214
161 4
161 1
161 1
161 15
161 4
161 1
161 29
161 196
161 4
161 1
161 30
161 213
162 3
162 0
162 29
162 193
162 3
162 1
162 29
162 205
162 3
162 1
162 29
162 193
162 3
162 3
162 29
162 193
162 5
162 2
162 29
162 193
162 6
162 0
162 29
162 193
162 0
162 1
162 29
162 193
162 1
162 0
162 29
162 192
162 1
162 1
162 29
162 205
162 1
162 1
162 29
162 193
163 1
163 6
163 18
163 109
163 1
163 6
163 18
163 96
163 1
163 7
163 18
163 109
163 1
163 7
163 28
163 180
163 1
163 7
163 18
163 109
163 2
163 1
163 18
163 109
163 2
163 1
163 28
163 180
163 2
163 1
163 18
163 109
163 3
163 2
163 28
163 180
163 3
163 2
163 18
163 96
164 4
164 0
164 29
164 193
164 4
164 4
164 29
164 193
164 5
164 0
164 29
164 193
164 5
164 2
164 13
164 72
164 6
164 4
164 29
164 193
164 0
164 0
164 29
164 193
164 0
164 4
164 29
164 193
164 0
164 5
164 29
164 193
164 1
164 4
164 29
164 193
164 2
164 0
164 29
164 193
165 3
165 7
165 29
165 193
165 4
165 6
165 29
165 193
165 4
165 6
165 29
165 192
165 5
165 7
165 29
165 193
165 1
165 7
165 29
165 193
165 3
165 2
165 29
165 193
165 3
165 7
165 29
165 205
165 3
165 7
165 29
165 193
165 4
165 1
165 29
165 193
165 4
165 6
165 29
165 193
166 6
166 6
166 29
166 193
166 6
166 7
166 29
166 193
166 1
166 1
166 13
166 72
166 1
166 2
166 13
166 72
166 2
166 6
166 29
166 193
166 3
166 1
166 13
166 72
166 3
166 1
166 29
166 193
166 3
166 1
166 13
166 72
166 3
166 2
166 13
166 72
166 3
166 3
166 13
166 72
167 1
167 1
167 30
167 214
167 2
167 0
167 29
167 193
167 2
167 6
167 29
167 193
167 3
167 0
167 29
167 193
167 1
167 7
167 30
167 213
167 2
167 2
167 30
167 214
167 4
167 0
167 30
167 213
167 0
167 1
167 30
167 214
167 0
167 6
167 29
167 193
167 1
167 1
167 29
167 193
