0 2
0 2
0 27
0 180
0 2
0 2
0 30
0 205
0 2
0 3
0 27
0 180
0 2
0 3
0 18
0 114
0 4
0 3
0 18
0 114
0 4
0 3
0 12
0 71
0 4
0 3
0 18
0 114
0 4
0 3
0 12
0 69
0 4
0 5
0 2
0 23
0 4
0 5
0 27
0 179
1 6
1 3
1 30
1 205
1 6
1 3
1 30
1 208
1 6
1 3
1 30
1 205
1 6
1 4
1 30
1 205
1 6
1 5
1 30
1 205
1 6
1 5
1 30
1 203
1 6
1 5
1 30
1 205
1 0
1 3
1 30
1 205
1 0
1 3
1 30
1 208
1 0
1 3
1 30
1 205
2 4
2 4
2 21
2 137
2 5
2 5
2 21
2 137
2 0
2 5
2 21
2 137
2 2
2 3
2 21
2 137
2 2
2 4
2 21
2 137
2 3
2 4
2 21
2 137
2 3
2 5
2 21
2 137
2 3
2 5
2 11
2 66
2 4
2 3
2 14
2 83
2 4
2 5
2 21
2 137
3 4
3 4
3 12
3 71
3 5
3 2
3 12
3 70
3 5
3 2
3 12
3 71
3 5
3 2
3 12
3 70
3 5
3 2
3 12
3 71
3 5
3 4
3 12
3 70
3 5
3 4
3 12
3 71
3 5
3 4
3 12
3 70
3 5
3 4
3 12
3 71
3 6
3 3
3 12
3 70
4 2
4 5
4 30
4 205
4 2
4 5
4 30
4 208
4 2
4 5
4 30
4 205
4 2
4 5
4 18
4 114
4 2
4 5
4 30
4 205
4 3
4 2
4 30
4 205
4 3
4 2
4 30
4 217
4 3
4 2
4 30
4 205
4 3
4 3
4 30
4 205
4 3
4 4
4 30
4 205
5 4
5 2
5 30
5 205
5 4
5 2
5 30
5 217
5 4
5 2
5 30
5 205
5 4
5 4
5 30
5 205
5 4
5 4
5 30
5 204
5 4
5 4
5 30
5 208
5 4
5 4
5 30
5 205
5 5
5 2
5 30
5 205
5 5
5 2
5 30
5 208
5 5
5 2
5 30
5 205
6 4
6 5
6 30
6 205
6 5
6 4
6 30
6 205
6 5
6 5
6 30
6 205
6 6
6 2
6 30
6 205
6 6
6 3
6 30
6 205
6 6
6 4
6 30
6 205
6 6
6 5
6 30
6 205
6 0
6 2
6 30
6 205
6 0
6 3
6 30
6 205
6 0
6 4
6 30
6 205
7 3
7 3
7 30
7 217
7 3
7 3
7 18
7 109
7 3
7 3
7 30
7 205
7 3
7 3
7 30
7 217
7 3
7 4
7 30
7 208
7 3
7 4
7 30
7 205
7 6
7 2
7 30
7 205
7 0
7 2
7 30
7 205
7 0
7 3
7 30
7 205
7 0
7 3
7 30
7 208
8 5
8 5
8 30
8 205
8 6
8 3
8 30
8 205
8 6
8 4
8 30
8 205
8 0
8 3
8 30
8 205
8 0
8 5
8 30
8 205
8 1
8 2
8 30
8 205
8 1
8 4
8 30
8 205
8 2
8 2
8 30
8 205
8 2
8 4
8 30
8 205
8 3
8 4
8 30
8 205
9 2
9 4
9 30
9 205
9 2
9 5
9 30
9 205
9 3
9 3
9 30
9 205
9 4
9 4
9 30
9 205
9 4
9 5
9 30
9 205
9 5
9 2
9 30
9 205
9 0
9 3
9 30
9 205
9 1
9 3
9 30
9 205
9 1
9 4
9 30
9 205
9 2
9 3
9 30
9 205
10 3
10 4
10 30
10 205
10 4
10 2
10 30
10 205
10 4
10 4
10 30
10 205
10 4
10 5
10 30
10 205
10 5
10 4
10 30
10 205
10 6
10 2
10 30
10 205
10 6
10 5
10 30
10 205
10 0
10 3
10 30
10 205
10 3
10 2
10 30
10 205
10 3
10 3
10 30
10 205
11 3
11 3
11 30
11 205
11 3
11 4
11 30
11 205
11 3
11 4
11 30
11 208
11 3
11 4
11 30
11 205
11 4
11 3
11 30
11 205
11 4
11 5
11 30
11 208
11 4
11 5
11 30
11 205
11 4
11 5
11 30
11 208
11 5
11 2
11 30
11 205
11 5
11 3
11 30
11 205
12 0
12 2
12 12
12 71
12 0
12 3
12 12
12 70
12 0
12 3
12 12
12 71
12 0
12 3
12 12
12 70
12 0
12 3
12 12
12 71
12 1
12 2
12 12
12 70
12 1
12 2
12 12
12 71
12 1
12 3
12 12
12 70
12 1
12 3
12 12
12 71
12 1
12 3
12 12
12 69
13 3
13 3
13 30
13 205
13 3
13 4
13 30
13 205
13 4
13 2
13 30
13 205
13 4
13 4
13 30
13 205
13 4
13 5
13 30
13 205
13 5
13 4
13 30
13 205
13 6
13 2
13 30
13 205
13 6
13 5
13 30
13 205
13 0
13 3
13 30
13 205
13 3
13 2
13 30
13 205
14 4
14 2
14 30
14 205
14 4
14 4
14 30
14 205
14 4
14 5
14 30
14 205
14 5
14 4
14 30
14 205
14 6
14 2
14 30
14 205
14 6
14 5
14 30
14 205
14 0
14 3
14 30
14 205
14 3
14 2
14 30
14 205
14 3
14 3
14 30
14 205
14 4
14 3
14 30
14 205
15 2
15 2
15 30
15 205
15 5
15 4
15 30
15 205
15 6
15 3
15 30
15 205
15 3
15 4
15 30
15 205
15 4
15 5
15 30
15 205
15 5
15 5
15 30
15 205
15 6
15 4
15 30
15 205
15 6
15 5
15 30
15 205
15 2
15 2
15 30
15 205
15 2
15 4
15 30
15 205
16 0
16 3
16 12
16 71
16 1
16 2
16 12
16 70
16 1
16 2
16 12
16 71
16 1
16 3
16 12
16 70
16 1
16 3
16 12
16 71
16 1
16 3
16 12
16 69
16 2
16 3
16 12
16 69
16 2
16 3
16 12
16 70
16 2
16 3
16 12
16 71
16 2
16 3
16 12
16 70
17 5
17 4
17 30
17 205
17 6
17 3
17 30
17 205
17 3
17 4
17 30
17 205
17 4
17 5
17 30
17 205
17 5
17 5
17 30
17 205
17 6
17 4
17 30
17 205
17 6
17 5
17 30
17 205
17 2
17 2
17 30
17 205
17 2
17 4
17 30
17 205
17 3
17 2
17 30
17 205
18 5
18 3
18 30
18 205
18 5
18 4
18 30
18 205
18 5
18 4
18 30
18 214
18 5
18 4
18 30
18 217
18 6
18 2
18 30
18 205
18 6
18 4
18 30
18 205
18 0
18 5
18 30
18 205
18 1
18 3
18 30
18 205
18 1
18 4
18 30
18 205
18 1
18 4
18 0
18 3
19 5
19 4
19 30
19 214
19 5
19 4
19 30
19 217
19 6
19 2
19 30
19 205
19 6
19 4
19 30
19 205
19 0
19 5
19 30
19 205
19 1
19 3
19 30
19 205
19 1
19 4
19 30
19 205
19 1
19 4
19 0
19 3
19 1
19 4
19 30
19 205
19 6
19 3
19 30
19 205
20 3
20 5
20 30
20 205
20 5
20 3
20 30
20 205
20 5
20 4
20 30
20 205
20 6
20 3
20 30
20 205
20 1
20 3
20 30
20 205
20 3
20 3
20 30
20 205
20 1
20 4
20 30
20 205
20 2
20 2
20 30
20 205
20 2
20 4
20 30
20 205
20 3
20 4
20 30
20 205
21 0
21 5
21 18
21 100
21 1
21 5
21 18
21 100
21 2
21 3
21 18
21 100
21 2
21 4
21 18
21 100
21 3
21 4
21 18
21 100
21 4
21 3
21 18
21 100
21 4
21 5
21 18
21 100
21 5
21 3
21 18
21 100
21 5
21 5
21 18
21 100
21 6
21 3
21 18
21 100
22 5
22 4
22 30
22 205
22 5
22 5
22 30
22 205
22 6
22 3
22 30
22 205
22 6
22 4
22 30
22 205
22 0
22 3
22 30
22 205
22 0
22 5
22 30
22 205
22 1
22 2
22 30
22 205
22 1
22 4
22 30
22 205
22 2
22 2
22 30
22 205
22 2
22 4
22 30
22 205
23 0
23 3
23 18
23 114
23 0
23 3
23 18
23 111
23 0
23 3
23 18
23 114
23 0
23 3
23 3
23 36
23 0
23 3
23 33
23 219
23 0
23 3
23 18
23 111
23 1
23 3
23 32
23 228
23 2
23 4
23 18
23 120
23 2
23 4
23 32
23 228
23 2
23 4
23 18
23 114
24 4
24 4
24 30
24 205
24 5
24 5
24 30
24 205
24 1
24 4
24 30
24 205
24 2
24 3
24 30
24 205
24 3
24 3
24 30
24 205
24 4
24 4
24 30
24 205
24 6
24 5
24 30
24 205
24 2
24 2
24 30
24 205
24 2
24 4
24 30
24 205
24 4
24 3
24 30
24 205
25 6
25 4
25 30
25 205
25 6
25 4
25 30
25 217
25 6
25 5
25 30
25 217
25 6
25 5
25 30
25 205
25 0
25 3
25 30
25 217
25 0
25 3
25 30
25 205
25 1
25 3
25 30
25 217
25 2
25 2
25 30
25 217
25 4
25 2
25 30
25 205
25 4
25 3
25 30
25 205
26 1
26 3
26 30
26 205
26 2
26 2
26 30
26 205
26 2
26 4
26 30
26 205
26 2
26 5
26 30
26 205
26 3
26 3
26 30
26 205
26 4
26 4
26 30
26 205
26 4
26 5
26 30
26 205
26 5
26 2
26 30
26 205
26 0
26 3
26 30
26 205
26 1
26 3
26 30
26 205
27 1
27 5
27 30
27 208
27 1
27 5
27 30
27 205
27 3
27 5
27 30
27 208
27 4
27 5
27 30
27 205
27 4
27 5
27 30
27 208
27 4
27 5
27 30
27 205
27 0
27 5
27 30
27 205
27 1
27 2
27 30
27 205
27 5
27 2
27 30
27 205
27 1
27 5
27 30
27 208
28 2
28 3
28 12
28 70
28 2
28 3
28 12
28 71
28 2
28 5
28 12
28 70
28 2
28 5
28 12
28 71
28 3
28 2
28 12
28 70
28 3
28 2
28 12
28 71
28 3
28 3
28 12
28 70
28 3
28 3
28 12
28 71
28 3
28 3
28 12
28 69
28 3
28 3
28 12
28 70
29 6
29 3
29 30
29 208
29 6
29 3
29 30
29 205
29 6
29 4
29 30
29 205
29 6
29 5
29 30
29 205
29 6
29 5
29 30
29 203
29 6
29 5
29 30
29 205
29 0
29 3
29 30
29 205
29 0
29 3
29 30
29 208
29 0
29 3
29 30
29 205
29 0
29 3
29 30
29 208
30 2
30 4
30 30
30 205
30 4
30 4
30 30
30 205
30 5
30 2
30 30
30 203
30 5
30 2
30 30
30 204
30 5
30 3
30 30
30 203
30 5
30 3
30 30
30 205
30 1
30 3
30 30
30 205
30 1
30 4
30 30
30 205
30 1
30 3
30 30
30 208
30 1
30 4
30 30
30 205
31 5
31 4
31 30
31 205
31 5
31 5
31 30
31 205
31 6
31 4
31 30
31 205
31 6
31 5
31 30
31 205
31 0
31 2
31 30
31 205
31 0
31 4
31 30
31 205
31 1
31 2
31 30
31 205
31 1
31 3
31 30
31 205
31 3
31 2
31 30
31 205
31 4
31 2
31 30
31 205
32 0
32 2
32 30
32 205
32 1
32 2
32 30
32 205
32 1
32 4
32 30
32 205
32 3
32 2
32 30
32 205
32 3
32 3
32 30
32 205
32 5
32 2
32 30
32 205
32 5
32 3
32 30
32 205
32 6
32 4
32 30
32 205
32 0
32 3
32 30
32 205
32 0
32 4
32 30
32 205
33 3
33 3
33 12
33 71
33 3
33 3
33 12
33 69
33 3
33 3
33 12
33 70
33 3
33 3
33 12
33 71
33 4
33 3
33 12
33 69
33 4
33 4
33 12
33 70
33 4
33 4
33 12
33 71
33 5
33 5
33 12
33 69
33 5
33 5
33 12
33 70
33 5
33 5
33 12
33 71
34 0
34 4
34 30
34 208
34 1
34 5
34 30
34 205
34 1
34 5
34 30
34 208
34 0
34 3
34 30
34 205
34 0
34 4
34 30
34 205
34 2
34 4
34 30
34 205
34 2
34 4
34 30
34 217
34 2
34 4
34 30
34 205
34 0
34 3
34 30
34 208
34 0
34 3
34 30
34 205
35 2
35 3
35 30
35 205
35 2
35 5
35 30
35 205
35 4
35 3
35 30
35 205
35 4
35 4
35 30
35 205
35 6
35 2
35 30
35 205
35 0
35 5
35 30
35 205
35 5
35 3
35 30
35 205
35 5
35 4
35 30
35 205
35 6
35 4
35 30
35 205
35 0
35 4
35 30
35 205
36 2
36 3
36 30
36 205
36 3
36 3
36 30
36 205
36 3
36 4
36 30
36 205
36 4
36 2
36 30
36 205
36 4
36 4
36 30
36 205
36 4
36 5
36 30
36 205
36 5
36 4
36 30
36 205
36 6
36 2
36 30
36 205
36 6
36 5
36 30
36 205
36 0
36 3
36 30
36 205
37 2
37 2
37 30
37 205
37 2
37 4
37 30
37 205
37 2
37 5
37 30
37 205
37 3
37 3
37 30
37 205
37 4
37 4
37 30
37 205
37 4
37 5
37 30
37 205
37 5
37 2
37 30
37 205
37 0
37 3
37 30
37 205
37 1
37 3
37 30
37 205
37 1
37 4
37 30
37 205
38 1
38 4
38 30
38 217
38 2
38 3
38 30
38 205
38 2
38 3
38 30
38 217
38 2
38 5
38 30
38 205
38 3
38 3
38 30
38 217
38 6
38 5
38 30
38 205
38 4
38 4
38 30
38 205
38 6
38 3
38 30
38 205
38 2
38 2
38 30
38 217
38 2
38 2
38 30
38 205
39 5
39 4
39 30
39 205
39 6
39 4
39 30
39 205
39 0
39 2
39 30
39 205
39 0
39 2
39 30
39 208
39 4
39 3
39 30
39 205
39 4
39 3
39 30
39 217
39 6
39 4
39 30
39 205
39 0
39 2
39 30
39 205
39 0
39 2
39 30
39 208
39 2
39 4
39 30
39 205
40 0
40 5
40 30
40 217
40 1
40 4
40 30
40 217
40 2
40 3
40 30
40 205
40 2
40 3
40 30
40 217
40 2
40 5
40 30
40 205
40 3
40 3
40 30
40 217
40 6
40 5
40 30
40 205
40 4
40 4
40 30
40 205
40 6
40 3
40 30
40 205
40 2
40 2
40 30
40 217
41 5
41 3
41 30
41 205
41 5
41 4
41 30
41 205
41 6
41 2
41 30
41 205
41 6
41 4
41 30
41 205
41 5
41 5
41 30
41 205
41 6
41 4
41 30
41 205
41 6
41 5
41 30
41 205
41 0
41 3
41 30
41 205
41 0
41 4
41 30
41 205
41 1
41 2
41 30
41 205
42 3
42 4
42 30
42 205
42 4
42 5
42 30
42 205
42 5
42 4
42 30
42 205
42 5
42 5
42 30
42 205
42 6
42 2
42 30
42 205
42 6
42 3
42 30
42 205
42 6
42 4
42 30
42 205
42 6
42 5
42 30
42 205
42 0
42 2
42 30
42 205
42 0
42 3
42 30
42 205
43 3
43 3
43 30
43 205
43 3
43 3
43 30
43 217
43 3
43 4
43 30
43 208
43 3
43 4
43 30
43 205
43 6
43 2
43 30
43 205
43 0
43 2
43 30
43 205
43 0
43 3
43 30
43 205
43 0
43 3
43 30
43 208
43 0
43 4
43 30
43 205
43 0
43 4
43 30
43 217
44 2
44 3
44 30
44 205
44 2
44 3
44 30
44 217
44 2
44 5
44 30
44 205
44 3
44 3
44 30
44 217
44 6
44 5
44 30
44 205
44 4
44 4
44 30
44 205
44 6
44 3
44 30
44 205
44 2
44 2
44 30
44 217
44 2
44 2
44 30
44 205
44 2
44 3
44 30
44 217
45 1
45 3
45 11
45 66
45 1
45 4
45 11
45 67
45 1
45 4
45 11
45 66
45 1
45 4
45 11
45 67
45 2
45 3
45 11
45 66
45 2
45 3
45 11
45 67
45 2
45 3
45 11
45 66
45 2
45 3
45 11
45 67
45 3
45 3
45 11
45 67
45 3
45 4
45 11
45 66
46 2
46 2
46 30
46 205
46 2
46 3
46 27
46 180
46 2
46 3
46 18
46 114
46 4
46 3
46 18
46 114
46 4
46 3
46 12
46 71
46 4
46 3
46 18
46 114
46 4
46 3
46 12
46 69
46 4
46 5
46 2
46 23
46 4
46 5
46 27
46 179
46 5
46 2
46 30
46 205
47 3
47 3
47 18
47 109
47 3
47 3
47 30
47 205
47 3
47 3
47 30
47 217
47 3
47 4
47 30
47 208
47 3
47 4
47 30
47 205
47 6
47 2
47 30
47 205
47 0
47 2
47 30
47 205
47 0
47 3
47 30
47 205
47 0
47 3
47 30
47 208
47 0
47 4
47 30
47 205
48 6
48 4
48 18
48 114
48 6
48 4
48 30
48 205
48 6
48 4
48 18
48 114
48 6
48 4
48 30
48 205
48 6
48 4
48 18
48 100
48 6
48 4
48 18
48 114
48 6
48 5
48 18
48 114
48 6
48 5
48 18
48 100
48 6
48 5
48 18
48 114
48 0
48 4
48 18
48 114
49 5
49 3
49 30
49 208
49 0
49 5
49 30
49 205
49 3
49 5
49 30
49 205
49 5
49 3
49 30
49 208
49 6
49 5
49 30
49 205
49 3
49 5
49 30
49 205
49 4
49 4
49 30
49 205
49 5
49 4
49 30
49 205
49 0
49 4
49 30
49 205
49 5
49 4
49 30
49 205
50 2
50 5
50 30
50 205
50 3
50 3
50 30
50 205
50 4
50 4
50 30
50 205
50 4
50 5
50 30
50 205
50 5
50 2
50 30
50 205
50 0
50 3
50 30
50 205
50 1
50 3
50 30
50 205
50 1
50 4
50 30
50 205
50 2
50 3
50 30
50 205
50 3
50 2
50 30
50 205
51 4
51 4
51 30
51 205
51 5
51 3
51 30
51 208
51 0
51 5
51 30
51 205
51 3
51 5
51 30
51 205
51 5
51 3
51 30
51 208
51 6
51 5
51 30
51 205
51 3
51 5
51 30
51 205
51 4
51 4
51 30
51 205
51 5
51 4
51 30
51 205
51 0
51 4
51 30
51 205
52 1
52 4
52 30
52 205
52 3
52 4
52 30
52 205
52 4
52 4
52 30
52 205
52 0
52 5
52 30
52 205
52 1
52 3
52 30
52 205
52 2
52 3
52 30
52 205
52 4
52 5
52 30
52 205
52 5
52 4
52 30
52 217
52 6
52 5
52 30
52 205
52 0
52 4
52 30
52 205
53 3
53 4
53 30
53 208
53 3
53 4
53 30
53 205
53 6
53 2
53 30
53 205
53 0
53 2
53 30
53 205
53 0
53 3
53 30
53 205
53 0
53 3
53 30
53 208
53 0
53 4
53 30
53 205
53 0
53 4
53 30
53 217
53 0
53 4
53 30
53 205
53 2
53 4
53 30
53 205
54 5
54 5
54 30
54 205
54 6
54 4
54 30
54 205
54 6
54 4
54 30
54 217
54 6
54 5
54 30
54 217
54 6
54 5
54 30
54 205
54 0
54 3
54 30
54 217
54 0
54 3
54 30
54 205
54 1
54 3
54 30
54 217
54 2
54 2
54 30
54 217
54 4
54 2
54 30
54 205
55 5
55 3
55 18
55 100
55 5
55 5
55 18
55 100
55 6
55 4
55 18
55 100
55 6
55 5
55 18
55 100
55 0
55 3
55 18
55 100
55 0
55 4
55 18
55 100
55 1
55 3
55 18
55 100
55 1
55 5
55 18
55 100
55 2
55 3
55 18
55 100
55 2
55 4
55 18
55 100
56 1
56 3
56 30
56 205
56 1
56 4
56 30
56 205
56 2
56 4
56 30
56 205
56 3
56 2
56 30
56 205
56 3
56 3
56 30
56 205
56 3
56 4
56 30
56 205
56 3
56 5
56 30
56 205
56 5
56 3
56 30
56 205
56 5
56 4
56 30
56 205
56 6
56 3
56 30
56 205
57 3
57 4
57 18
57 115
57 4
57 2
57 18
57 115
57 4
57 3
57 18
57 115
57 4
57 4
57 18
57 115
57 5
57 3
57 18
57 115
57 6
57 4
57 18
57 115
57 6
57 5
57 18
57 115
57 1
57 3
57 18
57 115
57 2
57 3
57 18
57 115
57 2
57 3
57 18
57 111
58 4
58 2
58 30
58 205
58 4
58 4
58 30
58 205
58 5
58 4
58 30
58 205
58 5
58 5
58 30
58 205
58 6
58 4
58 30
58 205
58 6
58 5
58 30
58 205
58 0
58 2
58 30
58 205
58 0
58 4
58 30
58 205
58 1
58 2
58 30
58 205
58 1
58 3
58 30
58 205
59 3
59 3
59 30
59 205
59 3
59 3
59 30
59 217
59 3
59 3
59 18
59 109
59 3
59 3
59 30
59 205
59 3
59 3
59 30
59 217
59 3
59 4
59 30
59 208
59 3
59 4
59 30
59 205
59 6
59 2
59 30
59 205
59 0
59 2
59 30
59 205
59 0
59 3
59 30
59 205
60 4
60 5
60 18
60 100
60 5
60 3
60 18
60 100
60 5
60 5
60 18
60 100
60 6
60 4
60 18
60 100
60 6
60 5
60 18
60 100
60 0
60 3
60 18
60 100
60 0
60 4
60 18
60 100
60 1
60 3
60 18
60 100
60 1
60 5
60 18
60 100
60 2
60 3
60 18
60 100
61 2
61 4
61 18
61 115
61 3
61 4
61 18
61 115
61 4
61 2
61 18
61 115
61 4
61 3
61 18
61 115
61 4
61 4
61 18
61 115
61 5
61 3
61 18
61 115
61 6
61 4
61 18
61 115
61 6
61 5
61 18
61 115
61 1
61 3
61 18
61 115
61 2
61 3
61 18
61 115
62 0
62 2
62 12
62 70
62 0
62 2
62 12
62 71
62 0
62 3
62 12
62 70
62 0
62 3
62 12
62 71
62 0
62 3
62 12
62 70
62 0
62 3
62 12
62 71
62 1
62 2
62 12
62 70
62 1
62 2
62 12
62 71
62 1
62 3
62 12
62 70
62 1
62 3
62 12
62 71
63 4
63 5
63 30
63 205
63 5
63 4
63 30
63 205
63 6
63 2
63 30
63 205
63 6
63 5
63 30
63 205
63 0
63 3
63 30
63 205
63 3
63 2
63 30
63 205
63 3
63 3
63 30
63 205
63 4
63 3
63 30
63 205
63 5
63 4
63 30
63 205
63 6
63 3
63 30
63 205
64 5
64 3
64 18
64 100
64 5
64 5
64 18
64 100
64 0
64 5
64 18
64 100
64 1
64 5
64 18
64 100
64 2
64 3
64 18
64 100
64 2
64 4
64 18
64 100
64 3
64 4
64 18
64 100
64 4
64 3
64 18
64 100
64 4
64 5
64 18
64 100
64 5
64 3
64 18
64 100
65 2
65 2
65 30
65 205
65 2
65 3
65 30
65 205
65 3
65 3
65 30
65 205
65 3
65 4
65 30
65 205
65 4
65 2
65 30
65 205
65 4
65 4
65 30
65 205
65 4
65 5
65 30
65 205
65 5
65 4
65 30
65 205
65 6
65 2
65 30
65 205
65 6
65 5
65 30
65 205
66 6
66 4
66 18
66 111
66 2
66 4
66 18
66 115
66 3
66 4
66 18
66 115
66 4
66 2
66 18
66 115
66 4
66 3
66 18
66 115
66 4
66 4
66 18
66 115
66 5
66 3
66 18
66 115
66 6
66 4
66 18
66 115
66 6
66 5
66 18
66 115
66 1
66 3
66 18
66 115
67 3
67 3
67 18
67 100
67 4
67 3
67 18
67 100
67 5
67 3
67 18
67 100
67 0
67 4
67 18
67 100
67 1
67 3
67 18
67 100
67 1
67 4
67 18
67 100
67 3
67 4
67 18
67 100
67 1
67 4
67 18
67 100
67 2
67 2
67 18
67 100
67 2
67 3
67 16
67 95
68 4
68 2
68 30
68 217
68 4
68 2
68 30
68 205
68 4
68 4
68 30
68 205
68 4
68 4
68 30
68 204
68 4
68 4
68 30
68 208
68 4
68 4
68 30
68 205
68 5
68 2
68 30
68 205
68 5
68 2
68 30
68 208
68 5
68 2
68 30
68 205
68 5
68 4
68 30
68 205
69 4
69 2
69 30
69 217
69 4
69 2
69 30
69 205
69 4
69 2
69 30
69 217
69 4
69 2
69 30
69 205
69 4
69 4
69 30
69 205
69 4
69 4
69 30
69 204
69 4
69 4
69 30
69 208
69 4
69 4
69 30
69 205
69 5
69 2
69 30
69 205
69 5
69 2
69 30
69 208
70 2
70 4
70 30
70 205
70 3
70 3
70 30
70 205
70 3
70 3
70 30
70 217
70 3
70 3
70 18
70 109
70 3
70 3
70 30
70 205
70 3
70 3
70 30
70 217
70 3
70 4
70 30
70 208
70 3
70 4
70 30
70 205
70 6
70 2
70 30
70 205
70 0
70 2
70 30
70 205
71 3
71 4
71 30
71 205
71 3
71 4
71 30
71 208
71 3
71 4
71 30
71 205
71 4
71 3
71 30
71 205
71 4
71 5
71 30
71 208
71 4
71 5
71 30
71 205
71 4
71 5
71 30
71 208
71 5
71 2
71 30
71 205
71 5
71 3
71 30
71 205
71 5
71 3
71 30
71 208
72 0
72 5
72 21
72 137
72 2
72 3
72 21
72 137
72 2
72 4
72 21
72 137
72 3
72 4
72 21
72 137
72 3
72 5
72 21
72 137
72 3
72 5
72 11
72 66
72 4
72 3
72 14
72 83
72 4
72 5
72 21
72 137
72 5
72 2
72 21
72 137
72 1
72 5
72 21
72 137
73 5
73 4
73 30
73 208
73 5
73 4
73 30
73 205
73 6
73 4
73 30
73 205
73 0
73 2
73 30
73 205
73 0
73 2
73 30
73 208
73 4
73 3
73 30
73 205
73 4
73 3
73 30
73 217
73 6
73 4
73 30
73 205
73 0
73 2
73 30
73 205
73 0
73 2
73 30
73 208
74 3
74 3
74 30
74 205
74 5
74 3
74 30
74 205
74 5
74 3
74 30
74 208
74 5
74 4
74 30
74 205
74 5
74 5
74 30
74 205
74 6
74 2
74 30
74 205
74 6
74 3
74 30
74 205
74 6
74 4
74 30
74 205
74 3
74 4
74 30
74 205
74 4
74 4
74 30
74 205
75 5
75 4
75 30
75 205
75 5
75 5
75 30
75 205
75 6
75 2
75 30
75 205
75 6
75 3
75 30
75 205
75 6
75 4
75 30
75 205
75 6
75 5
75 30
75 205
75 0
75 2
75 30
75 205
75 0
75 3
75 30
75 205
75 0
75 4
75 30
75 205
75 1
75 3
75 30
75 205
76 0
76 3
76 30
76 205
76 0
76 3
76 0
76 5
76 0
76 3
76 30
76 205
76 0
76 3
76 9
76 57
76 0
76 3
76 22
76 144
76 0
76 3
76 9
76 57
76 0
76 3
76 22
76 144
76 0
76 3
76 0
76 3
76 0
76 3
76 22
76 144
76 0
76 3
76 0
76 3
77 4
77 2
77 12
77 71
77 4
77 2
77 12
77 70
77 4
77 2
77 12
77 71
77 4
77 4
77 12
77 70
77 4
77 4
77 12
77 71
77 5
77 2
77 12
77 70
77 5
77 2
77 12
77 71
77 5
77 2
77 12
77 70
77 5
77 2
77 12
77 71
77 5
77 4
77 12
77 70
78 2
78 3
78 30
78 205
78 2
78 4
78 30
78 205
78 3
78 3
78 30
78 205
78 5
78 3
78 30
78 205
78 5
78 3
78 30
78 208
78 5
78 4
78 30
78 205
78 5
78 5
78 30
78 205
78 6
78 2
78 30
78 205
78 6
78 3
78 30
78 205
78 6
78 4
78 30
78 205
79 5
79 2
79 12
79 70
79 5
79 2
79 12
79 71
79 5
79 2
79 12
79 70
79 5
79 2
79 12
79 71
79 5
79 4
79 12
79 70
79 5
79 4
79 12
79 71
79 5
79 4
79 12
79 70
79 5
79 4
79 12
79 71
79 6
79 3
79 12
79 70
79 6
79 3
79 12
79 71
80 0
80 3
80 30
80 205
80 0
80 3
80 9
80 57
80 0
80 3
80 22
80 144
80 0
80 3
80 9
80 57
80 0
80 3
80 22
80 144
80 0
80 3
80 0
80 3
80 0
80 3
80 22
80 144
80 0
80 3
80 0
80 3
80 0
80 3
80 22
80 144
80 0
80 3
80 9
80 57
81 2
81 2
81 30
81 205
81 2
81 2
81 30
81 204
81 0
81 4
81 30
81 205
81 1
81 4
81 30
81 205
81 2
81 4
81 30
81 205
81 4
81 4
81 30
81 205
81 5
81 2
81 30
81 203
81 5
81 2
81 30
81 204
81 5
81 3
81 30
81 203
81 5
81 3
81 30
81 205
82 5
82 5
82 21
82 137
82 0
82 5
82 21
82 137
82 2
82 3
82 21
82 137
82 2
82 4
82 21
82 137
82 3
82 4
82 21
82 137
82 3
82 5
82 21
82 137
82 3
82 5
82 11
82 66
82 4
82 3
82 14
82 83
82 4
82 5
82 21
82 137
82 5
82 2
82 21
82 137
83 4
83 2
83 12
83 71
83 4
83 4
83 12
83 70
83 4
83 4
83 12
83 71
83 5
83 2
83 12
83 70
83 5
83 2
83 12
83 71
83 5
83 2
83 12
83 70
83 5
83 2
83 12
83 71
83 5
83 4
83 12
83 70
83 5
83 4
83 12
83 71
83 5
83 4
83 12
83 70
84 0
84 3
84 12
84 70
84 0
84 3
84 12
84 71
84 1
84 2
84 12
84 70
84 1
84 2
84 12
84 71
84 1
84 3
84 12
84 70
84 1
84 3
84 12
84 71
84 1
84 3
84 12
84 69
84 2
84 3
84 12
84 69
84 2
84 3
84 12
84 70
84 2
84 3
84 12
84 71
85 0
85 3
85 0
85 5
85 0
85 3
85 30
85 205
85 0
85 3
85 0
85 5
85 0
85 3
85 30
85 205
85 0
85 3
85 9
85 57
85 0
85 3
85 22
85 144
85 0
85 3
85 9
85 57
85 0
85 3
85 22
85 144
85 0
85 3
85 0
85 3
85 0
85 3
85 22
85 144
86 4
86 3
86 18
86 100
86 5
86 3
86 18
86 100
86 0
86 4
86 18
86 100
86 1
86 3
86 18
86 100
86 1
86 4
86 18
86 100
86 3
86 4
86 18
86 100
86 1
86 4
86 18
86 100
86 2
86 2
86 18
86 100
86 2
86 3
86 16
86 95
86 2
86 3
86 18
86 100
87 6
87 3
87 30
87 205
87 6
87 3
87 30
87 208
87 6
87 3
87 30
87 205
87 6
87 4
87 30
87 205
87 6
87 4
87 30
87 217
87 6
87 4
87 30
87 208
87 0
87 3
87 30
87 205
87 0
87 3
87 30
87 208
87 0
87 3
87 30
87 217
87 0
87 4
87 30
87 205
88 0
88 3
88 30
88 205
88 3
88 3
88 30
88 205
88 3
88 4
88 30
88 205
88 4
88 2
88 30
88 205
88 4
88 3
88 30
88 205
88 5
88 2
88 30
88 205
88 5
88 4
88 30
88 205
88 6
88 4
88 30
88 205
88 0
88 4
88 30
88 205
88 1
88 3
88 30
88 205
89 1
89 4
89 30
89 205
89 2
89 4
89 30
89 205
89 4
89 4
89 30
89 205
89 5
89 2
89 30
89 203
89 5
89 2
89 30
89 204
89 5
89 3
89 30
89 203
89 5
89 3
89 30
89 205
89 1
89 3
89 30
89 205
89 1
89 4
89 30
89 205
89 1
89 3
89 30
89 208
90 4
90 4
90 12
90 70
90 4
90 4
90 12
90 71
90 5
90 2
90 12
90 70
90 5
90 2
90 12
90 71
90 5
90 2
90 12
90 70
90 5
90 2
90 12
90 71
90 5
90 4
90 12
90 70
90 5
90 4
90 12
90 71
90 5
90 4
90 12
90 70
90 5
90 4
90 12
90 71
91 1
91 4
91 30
91 205
91 2
91 3
91 30
91 208
91 3
91 3
91 30
91 208
91 3
91 5
91 30
91 205
91 4
91 4
91 30
91 205
91 5
91 3
91 30
91 208
91 0
91 5
91 30
91 205
91 3
91 5
91 30
91 205
91 5
91 3
91 30
91 208
91 6
91 5
91 30
91 205
92 1
92 4
92 30
92 205
92 2
92 4
92 30
92 205
92 3
92 3
92 30
92 205
92 3
92 3
92 30
92 217
92 3
92 3
92 18
92 109
92 3
92 3
92 30
92 205
92 3
92 3
92 30
92 217
92 3
92 4
92 30
92 208
92 3
92 4
92 30
92 205
92 6
92 2
92 30
92 205
