0 2
0 4
0 36
0 257
0 3
0 2
0 22
0 133
0 3
0 5
0 36
0 256
0 4
0 0
0 36
0 257
0 1
0 0
0 22
0 133
0 1
0 0
0 15
0 108
0 1
0 0
0 22
0 133
0 2
0 0
0 22
0 133
0 2
0 4
0 36
0 256
0 4
0 7
0 15
0 107
1 0
1 0
1 36
1 257
1 0
1 2
1 36
1 256
1 1
1 4
1 36
1 257
1 1
1 7
1 36
1 256
1 2
1 4
1 36
1 257
1 4
1 6
1 36
1 256
1 4
1 6
1 36
1 257
1 5
1 1
1 36
1 256
1 5
1 4
1 36
1 257
1 5
1 7
1 36
1 256
2 2
2 7
2 36
2 257
2 2
2 7
2 11
2 83
2 3
2 3
2 11
2 83
2 4
2 5
2 11
2 83
2 6
2 1
2 11
2 83
2 6
2 4
2 36
2 256
2 6
2 7
2 15
2 108
2 6
2 7
2 11
2 83
2 0
2 7
2 11
2 83
2 1
2 3
2 11
2 83
3 1
3 7
3 36
3 257
3 2
3 0
3 35
3 245
3 2
3 0
3 15
3 108
3 2
3 0
3 36
3 256
3 2
3 4
3 35
3 236
3 2
3 4
3 36
3 257
3 2
3 4
3 36
3 256
3 2
3 5
3 36
3 257
3 3
3 0
3 36
3 256
3 3
3 0
3 36
3 257
4 2
4 1
4 35
4 246
4 2
4 2
4 36
4 257
4 2
4 4
4 35
4 245
4 2
4 6
4 36
4 256
4 2
4 6
4 35
4 246
4 3
4 0
4 35
4 245
4 3
4 0
4 36
4 257
4 3
4 2
4 35
4 236
4 3
4 6
4 35
4 236
4 3
4 7
4 36
4 256
5 6
5 4
5 15
5 107
5 0
5 4
5 15
5 107
5 1
5 3
5 15
5 102
5 1
5 4
5 15
5 107
5 3
5 0
5 15
5 107
5 3
5 3
5 15
5 108
5 3
5 5
5 36
5 257
5 4
5 4
5 36
5 256
5 4
5 4
5 36
5 257
5 6
5 3
5 15
5 107
6 1
6 2
6 36
6 257
6 1
6 2
6 36
6 256
6 1
6 3
6 36
6 257
6 1
6 3
6 36
6 256
6 1
6 3
6 36
6 257
6 1
6 4
6 36
6 256
6 2
6 0
6 36
6 257
6 2
6 4
6 36
6 256
6 2
6 5
6 36
6 257
6 2
6 5
6 36
6 256
7 3
7 5
7 35
7 245
7 3
7 6
7 36
7 257
7 4
7 5
7 36
7 256
7 4
7 6
7 35
7 245
7 4
7 6
7 36
7 257
7 6
7 2
7 36
7 256
7 6
7 5
7 15
7 108
7 6
7 5
7 15
7 107
7 6
7 5
7 35
7 245
7 6
7 5
7 36
7 257
8 1
8 2
8 11
8 83
8 1
8 7
8 15
8 108
8 1
8 7
8 11
8 83
8 2
8 3
8 11
8 83
8 2
8 5
8 36
8 257
8 2
8 7
8 36
8 256
8 2
8 7
8 11
8 83
8 3
8 3
8 11
8 83
8 4
8 5
8 11
8 83
8 6
8 1
8 11
8 83
9 1
9 5
9 22
9 130
9 1
9 6
9 15
9 107
9 1
9 6
9 15
9 108
9 2
9 1
9 36
9 257
9 2
9 2
9 22
9 130
9 2
9 3
9 22
9 130
9 2
9 4
9 22
9 130
9 2
9 5
9 22
9 130
9 2
9 5
9 22
9 141
9 2
9 5
9 22
9 130
10 6
10 2
10 36
10 257
10 6
10 2
10 15
10 108
10 6
10 2
10 15
10 107
10 6
10 6
10 15
10 108
10 6
10 6
10 15
10 107
10 0
10 0
10 36
10 256
10 0
10 1
10 36
10 257
10 0
10 1
10 15
10 108
10 0
10 6
10 15
10 107
10 0
10 6
10 36
10 256
11 4
11 6
11 15
11 108
11 4
11 7
11 15
11 107
11 5
11 4
11 36
11 257
11 5
11 4
11 35
11 245
11 5
11 7
11 15
11 107
11 6
11 4
11 35
11 245
11 6
11 7
11 36
11 256
11 6
11 7
11 36
11 257
11 6
11 7
11 35
11 246
11 0
11 3
11 36
11 256
12 2
12 4
12 22
12 141
12 2
12 5
12 15
12 107
12 3
12 2
12 36
12 257
12 3
12 4
12 22
12 133
12 3
12 4
12 36
12 256
12 3
12 5
12 15
12 107
12 3
12 5
12 36
12 257
12 3
12 5
12 15
12 107
12 4
12 2
12 36
12 256
12 4
12 3
12 22
12 142
13 0
13 3
13 35
13 246
13 0
13 4
13 15
13 107
13 0
13 5
13 15
13 108
13 1
13 4
13 35
13 246
13 1
13 4
13 35
13 241
13 1
13 4
13 36
13 257
13 4
13 3
13 15
13 107
13 4
13 4
13 35
13 236
13 4
13 7
13 35
13 246
13 6
13 3
13 30
13 208
14 1
14 5
14 15
14 107
14 1
14 6
14 36
14 257
14 2
14 4
14 15
14 108
14 2
14 5
14 15
14 108
14 3
14 4
14 36
14 256
14 4
14 5
14 15
14 107
14 5
14 3
14 15
14 108
14 5
14 4
14 36
14 257
14 6
14 2
14 36
14 256
14 1
14 5
14 15
14 108
15 5
15 1
15 36
15 257
15 5
15 7
15 36
15 256
15 6
15 2
15 36
15 257
15 6
15 2
15 15
15 108
15 6
15 2
15 15
15 107
15 6
15 6
15 15
15 108
15 6
15 6
15 15
15 107
15 0
15 0
15 36
15 256
15 0
15 1
15 36
15 257
15 0
15 1
15 15
15 108
16 0
16 7
16 36
16 257
16 0
16 7
16 22
16 138
16 1
16 3
16 22
16 142
16 2
16 4
16 15
16 107
16 2
16 4
16 36
16 256
16 3
16 3
16 22
16 142
16 3
16 3
16 15
16 108
16 4
16 4
16 15
16 107
16 4
16 7
16 36
16 257
16 4
16 7
16 15
16 108
17 4
17 5
17 15
17 105
17 4
17 6
17 35
17 246
17 4
17 7
17 35
17 245
17 4
17 7
17 35
17 246
17 5
17 3
17 35
17 245
17 5
17 3
17 36
17 257
17 5
17 6
17 36
17 256
17 6
17 0
17 36
17 257
17 6
17 0
17 15
17 108
17 6
17 0
17 35
17 246
18 3
18 1
18 36
18 257
18 3
18 1
18 36
18 256
18 3
18 2
18 36
18 257
18 3
18 3
18 36
18 256
18 3
18 3
18 15
18 102
18 3
18 3
18 15
18 108
18 3
18 7
18 36
18 257
18 3
18 7
18 36
18 256
18 4
18 0
18 36
18 257
18 4
18 0
18 36
18 256
19 6
19 4
19 36
19 257
19 0
19 1
19 36
19 256
19 0
19 4
19 15
19 107
19 1
19 4
19 15
19 108
19 5
19 4
19 36
19 257
19 6
19 3
19 36
19 256
19 0
19 0
19 36
19 257
19 6
19 0
19 15
19 108
19 6
19 0
19 36
19 256
19 6
19 3
19 36
19 257
20 3
20 5
20 7
20 58
20 3
20 5
20 7
20 56
20 3
20 5
20 30
20 207
20 3
20 5
20 36
20 257
20 3
20 5
20 36
20 256
20 3
20 5
20 36
20 257
20 3
20 5
20 1
20 25
20 3
20 5
20 1
20 14
20 3
20 5
20 8
20 65
20 3
20 5
20 35
20 245
21 5
21 6
21 36
21 257
21 5
21 7
21 36
21 256
21 0
21 3
21 15
21 107
21 1
21 0
21 15
21 108
21 1
21 0
21 15
21 107
21 1
21 5
21 15
21 107
21 1
21 5
21 36
21 257
21 2
21 5
21 36
21 256
21 2
21 6
21 15
21 107
21 4
21 4
21 15
21 107
22 4
22 6
22 36
22 257
22 5
22 0
22 36
22 256
22 5
22 0
22 36
22 257
22 5
22 2
22 36
22 256
22 6
22 4
22 36
22 257
22 6
22 6
22 36
22 256
22 0
22 1
22 36
22 257
22 0
22 1
22 36
22 256
22 0
22 5
22 36
22 257
22 0
22 5
22 36
22 256
23 0
23 3
23 36
23 257
23 0
23 3
23 36
23 256
23 0
23 5
23 36
23 257
23 0
23 5
23 36
23 256
23 0
23 5
23 36
23 257
23 0
23 6
23 36
23 256
23 1
23 2
23 36
23 257
23 1
23 5
23 36
23 256
23 1
23 6
23 36
23 257
23 1
23 6
23 36
23 256
24 0
24 3
24 15
24 107
24 2
24 0
24 36
24 257
24 2
24 7
24 36
24 256
24 3
24 3
24 15
24 107
24 3
24 5
24 15
24 108
24 3
24 5
24 15
24 107
24 3
24 7
24 35
24 245
24 4
24 2
24 36
24 257
24 4
24 3
24 15
24 108
24 4
24 3
24 36
24 256
25 0
25 0
25 15
25 107
25 0
25 0
25 35
25 236
25 0
25 0
25 15
25 107
25 0
25 1
25 15
25 107
25 0
25 1
25 36
25 257
25 0
25 1
25 15
25 108
25 0
25 2
25 35
25 246
25 0
25 2
25 15
25 107
25 0
25 2
25 15
25 108
25 0
25 2
25 35
25 245
26 1
26 5
26 35
26 245
26 2
26 5
26 35
26 245
26 4
26 5
26 35
26 245
26 5
26 3
26 35
26 245
26 5
26 4
26 35
26 236
26 5
26 4
26 35
26 245
26 5
26 4
26 35
26 236
26 5
26 5
26 36
26 257
26 5
26 5
26 35
26 236
26 5
26 5
26 35
26 245
27 6
27 4
27 15
27 108
27 6
27 4
27 15
27 107
27 0
27 1
27 35
27 236
27 0
27 3
27 15
27 108
27 0
27 3
27 15
27 107
27 0
27 3
27 36
27 257
27 0
27 3
27 36
27 256
27 1
27 3
27 15
27 108
27 1
27 3
27 15
27 107
27 1
27 5
27 15
27 108
28 0
28 2
28 36
28 257
28 0
28 2
28 36
28 256
28 0
28 3
28 36
28 257
28 0
28 3
28 15
28 108
28 0
28 3
28 36
28 256
28 0
28 7
28 36
28 257
28 0
28 7
28 36
28 256
28 1
28 0
28 36
28 257
28 1
28 0
28 36
28 256
28 1
28 1
28 36
28 257
29 1
29 2
29 36
29 257
29 1
29 2
29 36
29 256
29 1
29 7
29 36
29 257
29 2
29 2
29 36
29 256
29 2
29 2
29 36
29 257
29 2
29 3
29 36
29 256
29 2
29 3
29 36
29 257
29 2
29 3
29 36
29 256
29 2
29 3
29 36
29 257
29 2
29 7
29 36
29 256
30 2
30 7
30 36
30 257
30 4
30 0
30 36
30 256
30 4
30 1
30 36
30 257
30 4
30 3
30 36
30 256
30 4
30 7
30 36
30 257
30 5
30 0
30 36
30 256
30 5
30 0
30 36
30 257
30 5
30 0
30 36
30 256
30 5
30 0
30 36
30 257
30 1
30 7
30 36
30 256
31 2
31 3
31 15
31 108
31 3
31 7
31 15
31 107
31 5
31 3
31 36
31 257
31 1
31 5
31 36
31 256
31 6
31 4
31 35
31 245
31 0
31 4
31 15
31 107
31 4
31 4
31 15
31 107
31 5
31 5
31 36
31 257
31 5
31 5
31 36
31 256
31 6
31 4
31 15
31 107
32 6
32 0
32 36
32 257
32 6
32 7
32 36
32 256
32 0
32 5
32 36
32 257
32 0
32 7
32 36
32 256
32 0
32 7
32 36
32 257
32 1
32 5
32 36
32 256
32 4
32 5
32 36
32 257
32 5
32 2
32 30
32 207
32 6
32 5
32 36
32 256
32 4
32 4
32 36
32 257
33 5
33 3
33 36
33 257
33 5
33 7
33 31
33 215
33 6
33 0
33 31
33 215
33 6
33 1
33 31
33 214
33 6
33 4
33 15
33 107
33 6
33 7
33 31
33 215
33 0
33 0
33 31
33 214
33 0
33 1
33 15
33 105
33 0
33 7
33 31
33 215
33 1
33 1
33 15
33 105
34 0
34 6
34 15
34 107
34 1
34 0
34 15
34 107
34 1
34 5
34 15
34 107
34 2
34 5
34 15
34 107
34 2
34 7
34 15
34 107
34 3
34 5
34 15
34 107
34 3
34 7
34 15
34 107
34 4
34 2
34 36
34 257
34 4
34 7
34 15
34 107
34 5
34 4
34 15
34 107
35 4
35 5
35 35
35 236
35 4
35 7
35 36
35 257
35 4
35 7
35 1
35 24
35 0
35 1
35 1
35 25
35 0
35 2
35 1
35 24
35 0
35 2
35 36
35 256
35 1
35 2
35 1
35 24
35 1
35 2
35 36
35 257
35 1
35 5
35 1
35 25
35 1
35 5
35 1
35 24
36 0
36 7
36 36
36 257
36 0
36 7
36 36
36 256
36 1
36 5
36 36
36 257
36 1
36 6
36 36
36 256
36 3
36 3
36 36
36 257
36 3
36 4
36 36
36 256
36 3
36 6
36 36
36 257
36 3
36 7
36 36
36 256
36 4
36 4
36 36
36 257
36 4
36 4
36 36
36 256
37 6
37 6
37 15
37 107
37 0
37 0
37 36
37 257
37 0
37 1
37 36
37 256
37 0
37 1
37 15
37 108
37 0
37 6
37 15
37 107
37 0
37 6
37 36
37 257
37 1
37 1
37 36
37 256
37 1
37 2
37 15
37 108
37 1
37 7
37 15
37 107
37 1
37 7
37 36
37 257
38 4
38 4
38 15
38 107
38 0
38 2
38 36
38 257
38 0
38 3
38 35
38 246
38 0
38 4
38 15
38 107
38 0
38 5
38 15
38 108
38 1
38 4
38 35
38 246
38 1
38 4
38 35
38 241
38 1
38 4
38 36
38 256
38 4
38 3
38 15
38 107
38 4
38 4
38 35
38 236
39 0
39 0
39 35
39 248
39 0
39 1
39 35
39 236
39 0
39 7
39 35
39 236
39 1
39 0
39 35
39 236
39 1
39 0
39 36
39 257
39 1
39 2
39 35
39 236
39 3
39 0
39 35
39 236
39 3
39 7
39 35
39 236
39 6
39 0
39 35
39 236
39 6
39 4
39 36
39 256
40 6
40 3
40 36
40 257
40 6
40 4
40 36
40 256
40 6
40 4
40 36
40 257
40 0
40 7
40 36
40 256
40 1
40 1
40 15
40 108
40 1
40 1
40 36
40 257
40 1
40 1
40 15
40 107
40 1
40 3
40 36
40 256
40 1
40 4
40 36
40 257
40 1
40 4
40 15
40 108
41 5
41 4
41 35
41 245
41 6
41 0
41 35
41 245
41 0
41 4
41 36
41 257
41 0
41 4
41 36
41 256
41 0
41 7
41 35
41 248
41 0
41 7
41 35
41 236
41 0
41 7
41 35
41 245
41 1
41 4
41 36
41 257
41 1
41 4
41 35
41 245
41 3
41 4
41 35
41 236
42 6
42 6
42 36
42 257
42 0
42 0
42 36
42 256
42 0
42 2
42 1
42 24
42 0
42 2
42 36
42 257
42 0
42 2
42 1
42 24
42 0
42 2
42 36
42 256
42 1
42 1
42 1
42 25
42 1
42 2
42 1
42 24
42 1
42 2
42 36
42 257
42 1
42 7
42 1
42 25
43 3
43 2
43 15
43 107
43 3
43 7
43 36
43 257
43 4
43 2
43 36
43 256
43 4
43 2
43 15
43 108
43 4
43 2
43 15
43 107
43 5
43 2
43 15
43 107
43 5
43 6
43 35
43 245
43 6
43 3
43 15
43 107
43 6
43 7
43 36
43 257
43 0
43 4
43 36
43 256
44 4
44 1
44 15
44 108
44 4
44 7
44 36
44 257
44 5
44 0
44 36
44 256
44 5
44 1
44 36
44 257
44 5
44 1
44 36
44 256
44 5
44 1
44 36
44 257
44 5
44 2
44 15
44 107
44 5
44 2
44 36
44 256
44 6
44 1
44 36
44 257
44 6
44 1
44 15
44 107
45 5
45 4
45 36
45 257
45 6
45 2
45 36
45 256
45 1
45 5
45 15
45 108
45 2
45 2
45 36
45 257
45 4
45 3
45 36
45 256
45 4
45 5
45 15
45 108
45 6
45 7
45 15
45 107
45 0
45 1
45 15
45 108
45 0
45 1
45 15
45 107
45 0
45 4
45 15
45 108
46 3
46 1
46 36
46 257
46 3
46 3
46 36
46 256
46 3
46 7
46 36
46 257
46 4
46 0
46 15
46 107
46 5
46 0
46 15
46 108
46 5
46 0
46 15
46 107
46 6
46 1
46 36
46 256
46 0
46 1
46 36
46 257
46 0
46 1
46 15
46 107
46 1
46 0
46 15
46 107
47 5
47 3
47 22
47 141
47 5
47 3
47 15
47 107
47 5
47 3
47 36
47 257
47 5
47 3
47 15
47 107
47 5
47 3
47 15
47 108
47 5
47 3
47 36
47 256
47 5
47 4
47 15
47 107
47 5
47 6
47 35
47 245
47 0
47 0
47 15
47 108
47 0
47 0
47 15
47 107
48 5
48 3
48 36
48 257
48 6
48 3
48 36
48 256
48 6
48 3
48 15
48 107
48 6
48 3
48 15
48 108
48 0
48 0
48 15
48 102
48 0
48 0
48 15
48 105
48 0
48 0
48 15
48 108
48 0
48 0
48 35
48 246
48 0
48 0
48 36
48 257
48 0
48 1
48 15
48 108
49 2
49 3
49 36
49 257
49 3
49 0
49 35
49 236
49 3
49 2
49 15
49 108
49 4
49 3
49 15
49 107
49 5
49 1
49 35
49 236
49 5
49 4
49 15
49 107
49 5
49 5
49 15
49 107
49 6
49 2
49 35
49 236
49 6
49 4
49 15
49 107
49 0
49 1
49 35
49 245
50 2
50 6
50 36
50 257
50 2
50 6
50 36
50 256
50 2
50 6
50 36
50 257
50 2
50 6
50 36
50 256
50 3
50 4
50 36
50 257
50 4
50 4
50 36
50 256
50 4
50 6
50 36
50 257
50 4
50 6
50 36
50 256
50 5
50 3
50 36
50 257
50 5
50 6
50 36
50 256
51 4
51 4
51 36
51 257
51 0
51 0
51 36
51 256
51 0
51 0
51 36
51 257
51 0
51 7
51 36
51 256
51 0
51 7
51 15
51 108
51 1
51 4
51 36
51 257
51 1
51 4
51 36
51 256
51 1
51 7
51 36
51 257
51 2
51 0
51 36
51 256
51 2
51 0
51 15
51 108
52 5
52 0
52 22
52 142
52 5
52 0
52 22
52 141
52 5
52 3
52 22
52 141
52 6
52 0
52 22
52 142
52 6
52 0
52 22
52 141
52 6
52 1
52 22
52 142
52 6
52 2
52 22
52 141
52 0
52 0
52 22
52 141
52 0
52 0
52 36
52 257
52 0
52 2
52 22
52 142
53 4
53 1
53 15
53 108
53 5
53 1
53 15
53 108
53 5
53 1
53 15
53 107
53 6
53 0
53 15
53 108
53 6
53 0
53 15
53 107
53 6
53 1
53 15
53 108
53 6
53 1
53 15
53 102
53 1
53 0
53 36
53 257
53 1
53 0
53 36
53 256
53 1
53 0
53 15
53 108
54 2
54 4
54 15
54 108
54 2
54 4
54 15
54 107
54 2
54 4
54 36
54 257
54 2
54 4
54 36
54 256
54 4
54 7
54 36
54 257
54 4
54 7
54 36
54 256
54 5
54 3
54 36
54 257
54 5
54 3
54 36
54 256
54 6
54 0
54 15
54 108
54 6
54 0
54 15
54 107
55 3
55 6
55 35
55 236
55 3
55 6
55 35
55 245
55 3
55 6
55 36
55 257
55 4
55 0
55 36
55 256
55 4
55 0
55 36
55 257
55 4
55 0
55 35
55 245
55 4
55 2
55 36
55 256
55 4
55 2
55 35
55 246
55 4
55 2
55 15
55 108
55 4
55 2
55 35
55 245
56 4
56 6
56 36
56 257
56 5
56 1
56 36
56 256
56 5
56 7
56 36
56 257
56 0
56 0
56 36
56 256
56 0
56 0
56 36
56 257
56 0
56 2
56 36
56 256
56 1
56 4
56 36
56 257
56 1
56 7
56 36
56 256
56 2
56 4
56 36
56 257
56 4
56 6
56 36
56 256
57 1
57 4
57 15
57 107
57 3
57 3
57 15
57 107
57 4
57 3
57 15
57 107
57 4
57 3
57 15
57 108
57 5
57 4
57 15
57 107
57 6
57 1
57 35
57 236
57 6
57 4
57 15
57 107
57 0
57 3
57 15
57 102
57 0
57 3
57 15
57 107
57 2
57 0
57 36
57 257
58 0
58 5
58 36
58 257
58 3
58 1
58 35
58 246
58 3
58 3
58 35
58 246
58 3
58 4
58 35
58 245
58 4
58 3
58 35
58 246
58 4
58 3
58 35
58 236
58 4
58 4
58 35
58 245
58 5
58 2
58 35
58 246
58 5
58 2
58 35
58 236
58 6
58 0
58 35
58 236
59 3
59 0
59 36
59 257
59 4
59 7
59 36
59 256
59 4
59 7
59 36
59 257
59 5
59 1
59 36
59 256
59 0
59 0
59 36
59 257
59 0
59 1
59 36
59 256
59 1
59 0
59 36
59 257
59 1
59 0
59 36
59 256
59 1
59 0
59 36
59 257
59 1
59 1
59 36
59 256
60 0
60 4
60 22
60 141
60 0
60 4
60 36
60 257
60 1
60 2
60 36
60 256
60 1
60 3
60 22
60 142
60 1
60 4
60 22
60 141
60 1
60 4
60 36
60 257
60 2
60 2
60 36
60 256
60 2
60 3
60 22
60 142
60 2
60 4
60 36
60 257
60 2
60 4
60 22
60 141
61 2
61 1
61 36
61 257
61 2
61 1
61 35
61 245
61 2
61 1
61 36
61 256
61 3
61 2
61 36
61 257
61 3
61 3
61 36
61 256
61 4
61 2
61 36
61 257
61 4
61 2
61 15
61 107
61 4
61 2
61 36
61 256
61 6
61 2
61 15
61 108
61 6
61 2
61 15
61 107
62 4
62 2
62 36
62 257
62 4
62 2
62 2
62 27
62 4
62 2
62 36
62 256
62 4
62 6
62 36
62 257
62 5
62 1
62 36
62 256
62 5
62 3
62 36
62 257
62 5
62 6
62 36
62 256
62 5
62 6
62 15
62 108
62 0
62 1
62 36
62 257
62 1
62 5
62 35
62 245
63 5
63 0
63 30
63 209
63 5
63 0
63 30
63 204
63 5
63 0
63 30
63 209
63 5
63 3
63 36
63 257
63 5
63 3
63 36
63 256
63 5
63 3
63 36
63 257
63 6
63 0
63 30
63 209
63 6
63 0
63 30
63 208
63 6
63 0
63 30
63 209
63 6
63 0
63 36
63 256
64 5
64 0
64 15
64 108
64 6
64 1
64 15
64 107
64 6
64 1
64 15
64 108
64 6
64 1
64 35
64 246
64 6
64 1
64 35
64 236
64 6
64 6
64 36
64 257
64 1
64 4
64 36
64 256
64 1
64 7
64 35
64 245
64 2
64 0
64 35
64 246
64 2
64 0
64 36
64 257
65 4
65 7
65 35
65 245
65 5
65 1
65 15
65 108
65 5
65 2
65 2
65 33
65 5
65 4
65 15
65 108
65 6
65 1
65 2
65 32
65 6
65 1
65 2
65 29
65 6
65 1
65 2
65 32
65 6
65 2
65 15
65 108
65 6
65 4
65 22
65 138
65 6
65 4
65 36
65 257
66 5
66 3
66 36
66 257
66 5
66 4
66 36
66 256
66 5
66 4
66 36
66 257
66 5
66 4
66 15
66 107
66 5
66 7
66 15
66 108
66 6
66 1
66 15
66 108
66 6
66 1
66 36
66 256
66 6
66 1
66 22
66 141
66 6
66 1
66 15
66 107
66 6
66 2
66 15
66 108
67 2
67 3
67 15
67 108
67 3
67 2
67 15
67 107
67 3
67 2
67 15
67 108
67 3
67 2
67 15
67 107
67 3
67 4
67 15
67 108
67 3
67 6
67 15
67 107
67 4
67 6
67 36
67 257
67 5
67 4
67 15
67 108
67 0
67 4
67 15
67 108
67 0
67 4
67 15
67 107
68 0
68 7
68 35
68 246
68 1
68 2
68 36
68 257
68 2
68 0
68 35
68 246
68 2
68 0
68 36
68 256
68 2
68 1
68 36
68 257
68 2
68 2
68 36
68 256
68 2
68 4
68 36
68 257
68 2
68 7
68 35
68 245
68 2
68 7
68 36
68 256
68 3
68 3
68 36
68 257
69 3
69 0
69 36
69 257
69 3
69 4
69 36
69 256
69 3
69 5
69 35
69 245
69 4
69 3
69 36
69 257
69 4
69 4
69 36
69 256
69 4
69 4
69 36
69 257
69 4
69 7
69 35
69 236
69 4
69 7
69 36
69 256
69 5
69 6
69 35
69 245
69 5
69 6
69 36
69 257
70 5
70 5
70 15
70 107
70 0
70 3
70 15
70 108
70 1
70 3
70 15
70 108
70 2
70 3
70 15
70 108
70 3
70 2
70 15
70 107
70 3
70 2
70 15
70 108
70 3
70 2
70 15
70 107
70 3
70 4
70 15
70 108
70 3
70 6
70 15
70 107
70 4
70 6
70 36
70 257
71 1
71 4
71 1
71 24
71 1
71 4
71 1
71 16
71 1
71 4
71 1
71 25
71 1
71 4
71 1
71 24
71 1
71 4
71 36
71 257
71 1
71 6
71 1
71 25
71 1
71 7
71 1
71 24
71 2
71 3
71 1
71 25
71 3
71 3
71 1
71 24
71 5
71 2
71 1
71 25
72 1
72 3
72 36
72 257
72 1
72 4
72 36
72 256
72 1
72 4
72 36
72 257
72 1
72 4
72 36
72 256
72 2
72 5
72 36
72 257
72 3
72 4
72 36
72 256
72 3
72 6
72 36
72 257
72 4
72 0
72 36
72 256
72 4
72 0
72 36
72 257
72 5
72 3
72 36
72 256
73 3
73 7
73 36
73 257
73 3
73 7
73 36
73 256
73 4
73 2
73 36
73 257
73 4
73 2
73 35
73 246
73 4
73 2
73 36
73 256
73 4
73 4
73 36
73 257
73 4
73 5
73 15
73 105
73 4
73 6
73 35
73 246
73 4
73 7
73 35
73 245
73 4
73 7
73 35
73 246
74 3
74 6
74 31
74 214
74 4
74 4
74 31
74 215
74 4
74 4
74 31
74 214
74 4
74 7
74 31
74 215
74 4
74 7
74 31
74 214
74 5
74 0
74 36
74 257
74 5
74 1
74 36
74 256
74 5
74 1
74 36
74 257
74 5
74 3
74 36
74 256
74 5
74 7
74 31
74 215
75 2
75 6
75 15
75 107
75 3
75 0
75 36
75 257
75 3
75 0
75 15
75 108
75 3
75 0
75 36
75 256
75 3
75 0
75 15
75 107
75 3
75 1
75 15
75 108
75 3
75 6
75 15
75 107
75 3
75 6
75 36
75 257
75 3
75 7
75 36
75 256
75 3
75 7
75 15
75 108
76 2
76 2
76 35
76 236
76 3
76 7
76 36
76 257
76 3
76 7
76 35
76 236
76 4
76 2
76 35
76 236
76 4
76 2
76 15
76 108
76 6
76 0
76 36
76 256
76 0
76 4
76 15
76 107
76 1
76 1
76 35
76 236
76 1
76 3
76 15
76 108
76 1
76 4
76 15
76 107
77 6
77 3
77 36
77 257
77 6
77 3
77 15
77 107
77 0
77 0
77 15
77 108
77 0
77 0
77 15
77 107
77 0
77 1
77 36
77 256
77 0
77 2
77 36
77 257
77 1
77 1
77 36
77 256
77 1
77 1
77 15
77 108
77 1
77 1
77 15
77 107
77 1
77 2
77 15
77 108
78 6
78 0
78 15
78 107
78 6
78 1
78 15
78 108
78 6
78 1
78 15
78 102
78 1
78 0
78 36
78 257
78 1
78 0
78 36
78 256
78 1
78 0
78 15
78 108
78 1
78 1
78 15
78 108
78 2
78 0
78 15
78 108
78 2
78 0
78 36
78 257
78 2
78 0
78 15
78 108
79 2
79 5
79 36
79 257
79 3
79 0
79 36
79 256
79 3
79 0
79 36
79 257
79 3
79 0
79 35
79 246
79 3
79 0
79 15
79 108
79 3
79 0
79 35
79 245
79 3
79 6
79 36
79 256
79 3
79 7
79 36
79 257
79 4
79 0
79 36
79 256
79 4
79 0
79 36
79 257
80 3
80 3
80 22
80 142
80 3
80 4
80 36
80 257
80 3
80 5
80 15
80 107
80 4
80 0
80 36
80 256
80 4
80 4
80 36
80 257
80 5
80 0
80 36
80 256
80 5
80 2
80 36
80 257
80 5
80 6
80 15
80 107
80 6
80 0
80 36
80 256
80 0
80 0
80 36
80 257
81 0
81 6
81 36
81 257
81 1
81 4
81 15
81 108
81 1
81 7
81 36
81 256
81 3
81 5
81 15
81 107
81 4
81 3
81 15
81 107
81 5
81 6
81 36
81 257
81 5
81 7
81 36
81 256
81 0
81 3
81 15
81 107
81 1
81 0
81 15
81 108
81 1
81 0
81 15
81 107
82 0
82 4
82 15
82 108
82 0
82 5
82 15
82 107
82 0
82 7
82 22
82 142
82 0
82 7
82 36
82 257
82 0
82 7
82 15
82 108
82 0
82 7
82 15
82 107
82 0
82 7
82 36
82 256
82 0
82 7
82 22
82 138
82 1
82 3
82 22
82 142
82 2
82 4
82 15
82 107
83 3
83 0
83 15
83 108
83 4
83 0
83 15
83 108
83 4
83 0
83 36
83 257
83 4
83 0
83 36
83 256
83 4
83 0
83 36
83 257
83 4
83 0
83 15
83 108
83 4
83 7
83 36
83 256
83 5
83 5
83 36
83 257
83 6
83 0
83 36
83 256
83 6
83 1
83 36
83 257
84 3
84 2
84 36
84 257
84 3
84 3
84 36
84 256
84 3
84 3
84 15
84 108
84 3
84 7
84 36
84 257
84 3
84 7
84 36
84 256
84 4
84 0
84 36
84 257
84 4
84 0
84 36
84 256
84 4
84 1
84 36
84 257
84 4
84 2
84 36
84 256
84 4
84 3
84 15
84 108
85 0
85 1
85 36
85 257
85 0
85 1
85 15
85 108
85 0
85 6
85 15
85 107
85 0
85 6
85 36
85 256
85 1
85 1
85 36
85 257
85 1
85 2
85 15
85 108
85 1
85 7
85 15
85 107
85 1
85 7
85 36
85 256
85 2
85 1
85 36
85 257
85 2
85 6
85 15
85 107
86 3
86 0
86 36
86 257
86 3
86 1
86 36
86 256
86 3
86 1
86 36
86 257
86 3
86 3
86 36
86 256
86 3
86 3
86 36
86 257
86 3
86 3
86 15
86 108
86 3
86 3
86 36
86 256
86 3
86 7
86 36
86 257
86 4
86 0
86 36
86 256
86 4
86 1
86 36
86 257
87 1
87 6
87 35
87 245
87 1
87 6
87 36
87 257
87 2
87 6
87 35
87 245
87 3
87 4
87 36
87 256
87 3
87 5
87 35
87 245
87 3
87 6
87 36
87 257
87 4
87 5
87 36
87 256
87 4
87 6
87 35
87 245
87 4
87 6
87 36
87 257
87 6
87 2
87 36
87 256
88 4
88 3
88 15
88 108
88 5
88 7
88 15
88 107
88 6
88 4
88 15
88 108
88 6
88 4
88 15
88 107
88 0
88 4
88 36
88 257
88 0
88 6
88 15
88 107
88 1
88 7
88 15
88 107
88 2
88 4
88 15
88 108
88 2
88 7
88 15
88 107
88 3
88 4
88 15
88 108
89 6
89 0
89 15
89 102
89 6
89 2
89 36
89 257
89 6
89 2
89 36
89 256
89 6
89 4
89 36
89 257
89 6
89 7
89 35
89 246
89 0
89 0
89 36
89 256
89 0
89 1
89 36
89 257
89 0
89 3
89 36
89 256
89 0
89 3
89 36
89 257
89 0
89 4
89 15
89 102
90 1
90 7
90 36
90 257
90 1
90 7
90 35
90 246
90 1
90 7
90 35
90 245
90 1
90 7
90 15
90 108
90 1
90 7
90 15
90 102
90 1
90 7
90 15
90 108
90 2
90 0
90 35
90 236
90 2
90 0
90 15
90 107
90 2
90 0
90 35
90 245
90 2
90 2
90 15
90 107
91 3
91 0
91 36
91 257
91 3
91 1
91 35
91 245
91 3
91 4
91 15
91 107
91 3
91 4
91 15
91 108
91 3
91 4
91 15
91 107
91 3
91 5
91 36
91 256
91 3
91 6
91 35
91 232
91 3
91 6
91 35
91 236
91 3
91 6
91 35
91 245
91 3
91 6
91 36
91 257
92 2
92 4
92 15
92 108
92 2
92 6
92 15
92 107
92 3
92 4
92 15
92 108
92 3
92 5
92 36
92 257
92 3
92 6
92 15
92 107
92 3
92 6
92 36
92 256
92 4
92 2
92 15
92 108
92 4
92 5
92 36
92 257
92 4
92 5
92 36
92 256
92 4
92 5
92 15
92 107
93 1
93 4
93 15
93 107
93 2
93 2
93 15
93 107
93 2
93 4
93 15
93 107
93 2
93 5
93 15
93 108
93 2
93 6
93 15
93 107
93 3
93 2
93 15
93 107
93 4
93 2
93 15
93 108
93 4
93 6
93 36
93 257
93 6
93 6
93 15
93 107
93 3
93 0
93 15
93 107
94 6
94 4
94 35
94 245
94 6
94 4
94 36
94 257
94 6
94 4
94 15
94 108
94 6
94 4
94 15
94 107
94 6
94 4
94 35
94 245
94 6
94 7
94 15
94 107
94 0
94 0
94 15
94 108
94 0
94 0
94 35
94 246
94 0
94 1
94 15
94 107
94 0
94 1
94 15
94 108
95 2
95 4
95 36
95 257
95 2
95 4
95 36
95 256
95 5
95 3
95 36
95 257
95 5
95 5
95 36
95 256
95 6
95 3
95 36
95 257
95 6
95 3
95 36
95 256
95 6
95 4
95 36
95 257
95 0
95 4
95 36
95 256
95 0
95 4
95 36
95 257
95 1
95 2
95 36
95 256
96 5
96 2
96 15
96 108
96 0
96 7
96 15
96 108
96 1
96 7
96 15
96 108
96 1
96 7
96 36
96 257
96 1
96 7
96 36
96 256
96 1
96 7
96 15
96 107
96 3
96 7
96 36
96 257
96 3
96 7
96 15
96 107
96 4
96 1
96 15
96 107
96 4
96 5
96 15
96 108
97 5
97 0
97 36
97 257
97 5
97 4
97 36
97 256
97 5
97 4
97 36
97 257
97 6
97 0
97 15
97 108
97 6
97 0
97 36
97 256
97 6
97 5
97 36
97 257
97 6
97 5
97 36
97 256
97 6
97 6
97 36
97 257
97 0
97 0
97 36
97 256
97 0
97 0
97 15
97 108
98 0
98 3
98 36
98 257
98 0
98 3
98 15
98 108
98 0
98 3
98 36
98 256
98 0
98 7
98 36
98 257
98 0
98 7
98 36
98 256
98 1
98 0
98 36
98 257
98 1
98 0
98 36
98 256
98 1
98 1
98 36
98 257
98 1
98 3
98 36
98 256
98 1
98 3
98 15
98 108
99 5
99 5
99 36
99 257
99 6
99 0
99 36
99 256
99 6
99 1
99 36
99 257
99 6
99 1
99 36
99 256
99 6
99 1
99 15
99 108
99 6
99 5
99 36
99 257
99 0
99 0
99 36
99 256
99 0
99 0
99 15
99 108
99 1
99 0
99 36
99 257
99 1
99 0
99 35
99 246
100 5
100 3
100 36
100 257
100 5
100 5
100 36
100 256
100 6
100 1
100 36
100 257
100 6
100 1
100 36
100 256
100 0
100 2
100 36
100 257
100 0
100 2
100 36
100 256
100 0
100 6
100 36
100 257
100 1
100 3
100 15
100 107
100 1
100 6
100 36
100 256
100 2
100 2
100 15
100 108
101 6
101 2
101 36
101 257
101 6
101 3
101 22
101 141
101 6
101 3
101 22
101 142
101 6
101 3
101 36
101 256
101 6
101 3
101 22
101 141
101 6
101 3
101 22
101 142
101 6
101 4
101 15
101 107
101 6
101 4
101 36
101 257
101 6
101 4
101 15
101 107
101 6
101 5
101 15
101 102
102 0
102 7
102 30
102 205
102 1
102 1
102 30
102 205
102 3
102 1
102 36
102 257
102 4
102 2
102 15
102 108
102 4
102 2
102 15
102 107
102 5
102 2
102 15
102 107
102 5
102 4
102 36
102 256
102 6
102 1
102 30
102 205
102 6
102 2
102 30
102 205
102 6
102 3
102 30
102 205
103 3
103 6
103 15
103 108
103 4
103 0
103 15
103 107
103 4
103 7
103 15
103 108
103 4
103 7
103 15
103 107
103 5
103 7
103 15
103 107
103 5
103 7
103 15
103 108
103 6
103 0
103 15
103 107
103 6
103 7
103 15
103 108
103 6
103 7
103 15
103 107
103 6
103 7
103 36
103 257
104 0
104 7
104 36
104 257
104 2
104 6
104 35
104 245
104 2
104 7
104 35
104 245
104 2
104 7
104 35
104 246
104 3
104 6
104 35
104 245
104 3
104 7
104 35
104 246
104 3
104 7
104 35
104 245
104 4
104 0
104 35
104 246
104 1
104 1
104 35
104 245
104 1
104 1
104 35
104 246
105 1
105 1
105 35
105 236
105 1
105 1
105 36
105 257
105 1
105 1
105 15
105 107
105 1
105 1
105 15
105 108
105 1
105 1
105 35
105 248
105 1
105 1
105 36
105 256
105 1
105 5
105 35
105 245
105 1
105 7
105 35
105 236
105 1
105 7
105 35
105 246
105 1
105 7
105 36
105 257
106 3
106 4
106 36
106 257
106 3
106 5
106 35
106 245
106 4
106 3
106 36
106 256
106 4
106 4
106 36
106 257
106 4
106 4
106 36
106 256
106 4
106 7
106 35
106 236
106 4
106 7
106 36
106 257
106 5
106 6
106 35
106 245
106 5
106 6
106 36
106 256
106 6
106 0
106 36
106 257
107 6
107 7
107 15
107 105
107 6
107 7
107 15
107 102
107 0
107 0
107 15
107 107
107 0
107 0
107 15
107 108
107 0
107 3
107 15
107 102
107 0
107 3
107 15
107 108
107 0
107 3
107 15
107 105
107 0
107 3
107 15
107 108
107 0
107 4
107 36
107 257
107 0
107 4
107 15
107 107
108 0
108 1
108 39
108 256
108 0
108 5
108 39
108 257
108 0
108 5
108 36
108 257
108 1
108 1
108 39
108 257
108 1
108 1
108 36
108 256
108 1
108 1
108 39
108 257
108 1
108 5
108 39
108 257
108 2
108 1
108 39
108 257
108 5
108 1
108 39
108 257
108 0
108 6
108 39
108 257
109 0
109 5
109 22
109 141
109 0
109 5
109 22
109 142
109 0
109 5
109 22
109 141
109 1
109 2
109 35
109 246
109 1
109 2
109 35
109 245
109 1
109 3
109 35
109 246
109 1
109 3
109 35
109 236
109 2
109 5
109 22
109 142
109 2
109 5
109 36
109 257
109 2
109 5
109 36
109 256
110 4
110 0
110 15
110 107
110 4
110 7
110 15
110 108
110 4
110 7
110 15
110 107
110 5
110 7
110 15
110 107
110 5
110 7
110 15
110 108
110 6
110 0
110 15
110 107
110 6
110 7
110 15
110 108
110 6
110 7
110 15
110 107
110 6
110 7
110 36
110 257
110 6
110 7
110 36
110 256
111 6
111 2
111 36
111 257
111 6
111 4
111 15
111 108
111 6
111 4
111 22
111 142
111 6
111 4
111 36
111 256
111 6
111 4
111 36
111 257
111 6
111 4
111 15
111 102
111 6
111 6
111 36
111 256
111 6
111 6
111 15
111 107
111 6
111 6
111 15
111 108
111 6
111 6
111 15
111 107
112 6
112 4
112 34
112 230
112 6
112 4
112 36
112 257
112 0
112 5
112 36
112 256
112 2
112 5
112 34
112 230
112 2
112 7
112 34
112 230
112 3
112 5
112 34
112 230
112 4
112 5
112 34
112 230
112 5
112 4
112 34
112 230
112 6
112 3
112 34
112 230
112 3
112 3
112 15
112 102
113 5
113 2
113 36
113 257
113 5
113 3
113 36
113 256
113 5
113 3
113 15
113 108
113 5
113 3
113 35
113 246
113 6
113 0
113 36
113 257
113 6
113 1
113 36
113 256
113 6
113 3
113 36
113 257
113 6
113 3
113 15
113 108
113 0
113 0
113 36
113 256
113 0
113 2
113 36
113 257
114 3
114 2
114 15
114 107
114 3
114 2
114 15
114 108
114 3
114 2
114 15
114 107
114 3
114 4
114 15
114 108
114 3
114 6
114 15
114 107
114 4
114 6
114 36
114 257
114 5
114 4
114 15
114 108
114 0
114 4
114 15
114 108
114 0
114 4
114 15
114 107
114 0
114 4
114 15
114 108
115 1
115 5
115 5
115 47
115 2
115 3
115 5
115 47
115 2
115 3
115 5
115 48
115 4
115 4
115 5
115 48
115 4
115 4
115 5
115 47
115 6
115 2
115 36
115 257
115 6
115 2
115 36
115 256
115 6
115 4
115 5
115 47
115 3
115 4
115 22
115 133
115 3
115 4
115 5
115 47
116 6
116 0
116 35
116 236
116 6
116 0
116 27
116 175
116 6
116 0
116 27
116 181
116 6
116 0
116 27
116 188
116 6
116 0
116 36
116 257
116 6
116 0
116 8
116 61
116 6
116 0
116 8
116 65
116 6
116 0
116 35
116 236
116 6
116 0
116 30
116 207
116 6
116 0
116 36
116 256
117 4
117 4
117 15
117 107
117 4
117 4
117 36
117 257
117 5
117 1
117 36
117 256
117 5
117 2
117 36
117 257
117 5
117 4
117 36
117 256
117 6
117 1
117 15
117 107
117 6
117 1
117 15
117 108
117 6
117 2
117 36
117 257
117 6
117 4
117 36
117 256
117 0
117 2
117 35
117 236
118 3
118 1
118 36
118 257
118 3
118 6
118 36
118 256
118 3
118 6
118 36
118 257
118 3
118 7
118 36
118 256
118 4
118 0
118 36
118 257
118 5
118 1
118 36
118 256
118 5
118 1
118 36
118 257
118 5
118 6
118 36
118 256
118 5
118 6
118 36
118 257
118 5
118 7
118 36
118 256
119 3
119 5
119 1
119 25
119 4
119 2
119 1
119 24
119 4
119 5
119 36
119 257
119 4
119 5
119 35
119 246
119 4
119 5
119 35
119 236
119 4
119 7
119 36
119 256
119 4
119 7
119 1
119 24
119 0
119 1
119 1
119 25
119 0
119 2
119 1
119 24
119 0
119 2
119 36
119 257
120 1
120 1
120 36
120 257
120 1
120 1
120 15
120 108
120 1
120 1
120 15
120 107
120 1
120 2
120 15
120 108
120 1
120 2
120 15
120 107
120 1
120 4
120 15
120 108
120 1
120 4
120 15
120 107
120 2
120 4
120 15
120 108
120 2
120 4
120 15
120 107
120 2
120 4
120 36
120 256
121 3
121 4
121 15
121 108
121 3
121 5
121 15
121 107
121 4
121 1
121 36
121 257
121 4
121 1
121 15
121 107
121 6
121 7
121 36
121 256
121 1
121 0
121 36
121 257
121 1
121 0
121 15
121 107
121 2
121 0
121 15
121 107
121 2
121 1
121 36
121 256
121 3
121 0
121 36
121 257
122 2
122 4
122 36
122 257
122 2
122 4
122 15
122 107
122 2
122 7
122 36
122 256
122 2
122 7
122 15
122 107
122 2
122 7
122 36
122 257
122 3
122 2
122 22
122 142
122 3
122 2
122 15
122 108
122 3
122 4
122 15
122 107
122 3
122 7
122 15
122 108
122 3
122 7
122 22
122 142
123 3
123 6
123 36
123 257
123 4
123 5
123 36
123 256
123 4
123 6
123 35
123 245
123 4
123 6
123 36
123 257
123 6
123 2
123 36
123 256
123 6
123 5
123 15
123 108
123 6
123 5
123 15
123 107
123 6
123 5
123 35
123 245
123 6
123 5
123 36
123 257
123 0
123 2
123 15
123 108
124 5
124 0
124 36
124 257
124 5
124 1
124 36
124 256
124 5
124 1
124 15
124 108
124 5
124 2
124 15
124 108
124 5
124 6
124 15
124 107
124 5
124 6
124 36
124 257
124 6
124 1
124 36
124 256
124 6
124 1
124 15
124 108
124 6
124 7
124 15
124 108
124 6
124 7
124 15
124 107
125 5
125 6
125 35
125 245
125 0
125 0
125 1
125 25
125 0
125 1
125 1
125 25
125 0
125 1
125 1
125 24
125 0
125 4
125 1
125 24
125 1
125 7
125 36
125 257
125 2
125 0
125 36
125 256
125 2
125 0
125 36
125 257
125 2
125 2
125 1
125 24
125 2
125 2
125 36
125 256
126 6
126 1
126 39
126 257
126 6
126 1
126 39
126 250
126 6
126 1
126 8
126 60
126 6
126 1
126 35
126 236
126 0
126 6
126 8
126 69
126 0
126 6
126 35
126 245
126 0
126 6
126 36
126 257
126 0
126 6
126 27
126 179
126 0
126 6
126 12
126 97
126 0
126 6
126 35
126 240
127 1
127 4
127 35
127 245
127 1
127 6
127 15
127 108
127 1
127 6
127 36
127 257
127 1
127 7
127 15
127 107
127 2
127 4
127 36
127 256
127 2
127 4
127 35
127 245
127 2
127 6
127 36
127 257
127 2
127 6
127 15
127 108
127 2
127 7
127 15
127 107
127 3
127 2
127 15
127 108
128 2
128 3
128 22
128 133
128 2
128 7
128 30
128 207
128 3
128 6
128 15
128 108
128 4
128 6
128 15
128 108
128 1
128 7
128 30
128 207
128 1
128 7
128 30
128 204
128 3
128 4
128 35
128 236
128 4
128 6
128 15
128 108
128 6
128 1
128 30
128 207
128 6
128 3
128 36
128 257
129 6
129 1
129 15
129 108
129 6
129 1
129 36
129 257
129 6
129 1
129 15
129 108
129 6
129 5
129 15
129 107
129 6
129 5
129 15
129 108
129 6
129 5
129 15
129 107
129 0
129 0
129 15
129 108
129 0
129 0
129 15
129 107
129 0
129 0
129 36
129 256
129 0
129 1
129 15
129 108
130 4
130 4
130 36
130 257
130 4
130 4
130 35
130 245
130 4
130 6
130 36
130 256
130 4
130 6
130 15
130 108
130 4
130 7
130 15
130 107
130 5
130 4
130 36
130 257
130 5
130 4
130 35
130 245
130 5
130 7
130 15
130 107
130 6
130 4
130 35
130 245
130 6
130 7
130 36
130 256
131 1
131 6
131 36
131 257
131 2
131 5
131 36
131 256
131 2
131 5
131 36
131 257
131 3
131 7
131 35
131 245
131 4
131 4
131 35
131 245
131 4
131 4
131 22
131 141
131 6
131 0
131 35
131 246
131 6
131 3
131 22
131 142
131 0
131 6
131 22
131 142
131 1
131 0
131 35
131 245
132 5
132 0
132 15
132 107
132 5
132 3
132 15
132 107
132 5
132 3
132 15
132 108
132 5
132 3
132 15
132 107
132 5
132 5
132 15
132 107
132 5
132 7
132 36
132 257
132 5
132 7
132 15
132 108
132 5
132 7
132 36
132 256
132 5
132 7
132 15
132 107
132 6
132 0
132 15
132 107
133 6
133 1
133 15
133 108
133 6
133 5
133 15
133 107
133 6
133 5
133 15
133 108
133 6
133 5
133 15
133 107
133 0
133 0
133 15
133 108
133 0
133 0
133 15
133 107
133 0
133 0
133 36
133 257
133 0
133 1
133 15
133 108
133 0
133 1
133 15
133 102
133 0
133 1
133 15
133 107
134 2
134 5
134 35
134 245
134 4
134 3
134 35
134 236
134 4
134 3
134 15
134 107
134 6
134 5
134 15
134 107
134 0
134 2
134 36
134 257
134 0
134 7
134 15
134 107
134 1
134 2
134 35
134 246
134 1
134 4
134 15
134 108
134 1
134 4
134 15
134 107
134 2
134 4
134 35
134 248
135 1
135 7
135 15
135 107
135 2
135 1
135 15
135 108
135 2
135 6
135 15
135 107
135 3
135 0
135 36
135 257
135 3
135 0
135 15
135 108
135 3
135 0
135 36
135 256
135 3
135 0
135 15
135 107
135 3
135 1
135 15
135 108
135 3
135 6
135 15
135 107
135 3
135 6
135 36
135 257
136 0
136 4
136 36
136 257
136 2
136 4
136 36
136 256
136 3
136 2
136 36
136 257
136 3
136 4
136 36
136 256
136 3
136 6
136 36
136 257
136 3
136 7
136 36
136 256
136 4
136 1
136 36
136 257
136 4
136 2
136 36
136 256
136 5
136 2
136 36
136 257
136 5
136 2
136 36
136 256
137 1
137 1
137 36
137 257
137 1
137 1
137 39
137 257
137 1
137 5
137 39
137 257
137 2
137 1
137 39
137 257
137 5
137 1
137 39
137 257
137 0
137 6
137 39
137 257
137 2
137 0
137 39
137 257
137 4
137 0
137 39
137 257
137 5
137 5
137 39
137 257
137 5
137 7
137 39
137 257
138 1
138 0
138 36
138 257
138 1
138 0
138 35
138 245
138 1
138 0
138 36
138 256
138 1
138 3
138 36
138 257
138 1
138 3
138 36
138 256
138 1
138 4
138 36
138 257
138 1
138 4
138 36
138 256
138 1
138 5
138 36
138 257
138 1
138 7
138 15
138 108
138 1
138 7
138 35
138 246
139 6
139 7
139 15
139 107
139 0
139 0
139 36
139 257
139 0
139 6
139 15
139 107
139 1
139 1
139 15
139 108
139 1
139 6
139 15
139 107
139 1
139 7
139 15
139 108
139 1
139 7
139 15
139 107
139 2
139 1
139 15
139 108
139 2
139 6
139 15
139 107
139 3
139 0
139 36
139 256
140 2
140 2
140 15
140 107
140 2
140 4
140 15
140 108
140 2
140 6
140 15
140 107
140 3
140 4
140 15
140 108
140 3
140 5
140 36
140 257
140 3
140 6
140 15
140 107
140 3
140 6
140 36
140 256
140 4
140 2
140 15
140 108
140 4
140 5
140 36
140 257
140 4
140 5
140 36
140 256
141 5
141 1
141 15
141 102
141 5
141 1
141 15
141 106
141 5
141 1
141 36
141 257
141 5
141 1
141 36
141 256
141 5
141 1
141 36
141 257
141 6
141 3
141 36
141 256
141 3
141 0
141 36
141 257
141 3
141 7
141 15
141 102
141 3
141 7
141 15
141 105
141 3
141 7
141 15
141 103
142 2
142 0
142 36
142 257
142 2
142 3
142 36
142 256
142 2
142 3
142 36
142 257
142 2
142 3
142 36
142 256
142 2
142 4
142 36
142 257
142 2
142 6
142 36
142 256
142 2
142 7
142 36
142 257
142 3
142 4
142 36
142 256
142 3
142 4
142 36
142 257
142 4
142 0
142 36
142 256
143 1
143 7
143 11
143 83
143 2
143 3
143 11
143 83
143 2
143 5
143 36
143 257
143 2
143 7
143 36
143 256
143 2
143 7
143 11
143 83
143 3
143 3
143 11
143 83
143 4
143 5
143 11
143 83
143 6
143 1
143 11
143 83
143 6
143 4
143 36
143 257
143 6
143 7
143 15
143 108
144 4
144 3
144 36
144 257
144 4
144 4
144 36
144 256
144 4
144 4
144 36
144 257
144 5
144 0
144 15
144 102
144 5
144 3
144 36
144 256
144 5
144 3
144 36
144 257
144 5
144 3
144 36
144 256
144 5
144 3
144 36
144 257
144 5
144 4
144 36
144 256
144 5
144 4
144 36
144 257
145 1
145 1
145 15
145 107
145 2
145 0
145 36
145 257
145 2
145 0
145 36
145 256
145 2
145 0
145 36
145 257
145 3
145 2
145 15
145 107
145 3
145 2
145 15
145 108
145 3
145 2
145 36
145 256
145 4
145 3
145 15
145 107
145 6
145 4
145 15
145 108
145 2
145 3
145 15
145 107
146 6
146 1
146 11
146 83
146 6
146 4
146 36
146 257
146 6
146 7
146 15
146 108
146 6
146 7
146 11
146 83
146 0
146 7
146 11
146 83
146 1
146 3
146 11
146 83
146 1
146 5
146 15
146 108
146 1
146 7
146 11
146 83
146 2
146 3
146 11
146 83
146 2
146 7
146 11
146 83
147 0
147 4
147 35
147 245
147 0
147 5
147 36
147 257
147 3
147 1
147 35
147 246
147 3
147 3
147 35
147 246
147 3
147 4
147 35
147 245
147 4
147 3
147 35
147 246
147 4
147 3
147 35
147 236
147 4
147 4
147 35
147 245
147 5
147 2
147 35
147 246
147 5
147 2
147 35
147 236
148 0
148 0
148 35
148 245
148 0
148 2
148 22
148 133
148 1
148 2
148 22
148 133
148 1
148 6
148 15
148 107
148 2
148 3
148 22
148 133
148 2
148 4
148 22
148 133
148 3
148 0
148 35
148 236
148 3
148 0
148 35
148 245
148 3
148 3
148 22
148 133
148 3
148 4
148 36
148 257
149 1
149 1
149 15
149 107
149 1
149 2
149 15
149 108
149 1
149 2
149 15
149 107
149 1
149 4
149 15
149 108
149 1
149 4
149 15
149 107
149 2
149 4
149 15
149 108
149 2
149 4
149 15
149 107
149 2
149 4
149 36
149 257
149 2
149 4
149 36
149 256
149 4
149 7
149 36
149 257
150 2
150 2
150 36
150 257
150 3
150 0
150 39
150 256
150 3
150 2
150 39
150 256
150 3
150 5
150 39
150 256
150 3
150 7
150 39
150 256
150 4
150 3
150 39
150 256
150 4
150 6
150 39
150 256
150 5
150 2
150 39
150 256
150 5
150 5
150 39
150 256
150 1
150 3
150 39
150 256
151 3
151 5
151 15
151 107
151 4
151 1
151 36
151 257
151 4
151 1
151 15
151 107
151 6
151 7
151 36
151 256
151 1
151 0
151 36
151 257
151 1
151 0
151 15
151 107
151 2
151 0
151 15
151 107
151 2
151 1
151 36
151 256
151 3
151 0
151 36
151 257
151 3
151 0
151 15
151 107
152 5
152 3
152 35
152 246
152 5
152 4
152 35
152 236
152 5
152 5
152 35
152 245
152 6
152 1
152 35
152 245
152 6
152 3
152 35
152 236
152 6
152 3
152 35
152 245
152 0
152 1
152 35
152 245
152 0
152 3
152 35
152 245
152 0
152 3
152 36
152 257
152 0
152 5
152 35
152 245
153 3
153 7
153 15
153 108
153 3
153 7
153 22
153 142
153 3
153 7
153 15
153 107
153 5
153 1
153 15
153 107
153 6
153 4
153 36
153 257
153 0
153 0
153 22
153 142
153 0
153 5
153 36
153 256
153 0
153 7
153 36
153 257
153 0
153 7
153 22
153 142
153 0
153 7
153 15
153 107
154 3
154 3
154 36
154 257
154 4
154 3
154 36
154 256
154 4
154 6
154 36
154 257
154 5
154 4
154 36
154 256
154 5
154 4
154 36
154 257
154 5
154 4
154 36
154 256
154 6
154 2
154 36
154 257
154 6
154 2
154 36
154 256
154 6
154 4
154 36
154 257
154 0
154 3
154 36
154 256
155 4
155 3
155 36
155 257
155 4
155 4
155 36
155 256
155 4
155 5
155 36
155 257
155 5
155 5
155 36
155 256
155 0
155 2
155 36
155 257
155 3
155 5
155 35
155 246
155 3
155 5
155 35
155 245
155 3
155 6
155 35
155 245
155 3
155 6
155 35
155 246
155 3
155 6
155 35
155 245
156 0
156 0
156 15
156 102
156 0
156 1
156 15
156 107
156 0
156 1
156 15
156 108
156 0
156 1
156 15
156 107
156 0
156 6
156 15
156 108
156 0
156 6
156 15
156 102
156 2
156 6
156 15
156 108
156 3
156 1
156 15
156 107
156 6
156 1
156 15
156 107
156 3
156 6
156 36
156 257
157 3
157 1
157 36
157 257
157 3
157 1
157 36
157 256
157 3
157 2
157 36
157 257
157 3
157 2
157 36
157 256
157 3
157 3
157 36
157 257
157 3
157 3
157 15
157 108
157 3
157 7
157 36
157 256
157 3
157 7
157 36
157 257
157 4
157 0
157 36
157 256
157 4
157 0
157 36
157 257
158 2
158 4
158 15
158 107
158 2
158 4
158 36
158 257
158 3
158 3
158 22
158 142
158 3
158 3
158 15
158 108
158 4
158 4
158 15
158 107
158 4
158 7
158 36
158 256
158 4
158 7
158 15
158 108
158 4
158 7
158 22
158 142
158 4
158 7
158 36
158 257
158 4
158 7
158 15
158 107
159 3
159 6
159 36
159 257
159 3
159 6
159 39
159 257
159 3
159 6
159 39
159 256
159 3
159 6
159 15
159 108
159 3
159 6
159 15
159 107
159 3
159 6
159 15
159 108
159 3
159 6
159 39
159 256
159 3
159 6
159 39
159 257
159 3
159 6
159 36
159 256
159 4
159 1
159 15
159 107
160 4
160 1
160 15
160 107
160 6
160 2
160 36
160 257
160 6
160 3
160 36
160 256
160 2
160 3
160 36
160 257
160 2
160 3
160 15
160 107
160 2
160 3
160 36
160 256
160 5
160 2
160 36
160 257
160 5
160 3
160 36
160 256
160 5
160 4
160 36
160 257
160 5
160 4
160 36
160 256
161 4
161 1
161 15
161 107
161 0
161 1
161 36
161 257
161 0
161 1
161 15
161 107
161 1
161 0
161 36
161 256
161 1
161 0
161 36
161 257
161 3
161 0
161 36
161 256
161 3
161 0
161 15
161 107
161 3
161 4
161 15
161 108
161 3
161 5
161 15
161 107
161 4
161 1
161 36
161 257
162 1
162 4
162 36
162 257
162 2
162 5
162 36
162 256
162 3
162 4
162 36
162 257
162 3
162 6
162 36
162 256
162 4
162 0
162 36
162 257
162 4
162 0
162 36
162 256
162 5
162 3
162 36
162 257
162 0
162 7
162 36
162 256
162 0
162 7
162 36
162 257
162 1
162 5
162 36
162 256
163 5
163 7
163 35
163 236
163 5
163 7
163 15
163 102
163 5
163 7
163 36
163 257
163 6
163 3
163 35
163 245
163 6
163 3
163 35
163 246
163 6
163 3
163 15
163 107
163 6
163 3
163 15
163 108
163 6
163 3
163 35
163 236
163 6
163 3
163 35
163 245
163 6
163 3
163 15
163 107
164 6
164 7
164 35
164 246
164 0
164 3
164 36
164 257
164 0
164 3
164 36
164 256
164 0
164 4
164 35
164 245
164 1
164 3
164 36
164 257
164 1
164 4
164 35
164 245
164 1
164 6
164 15
164 107
164 2
164 3
164 15
164 108
164 2
164 4
164 35
164 245
164 2
164 6
164 15
164 107
165 1
165 5
165 36
165 257
165 1
165 6
165 36
165 256
165 1
165 6
165 36
165 257
165 1
165 6
165 36
165 256
165 2
165 1
165 36
165 257
165 2
165 3
165 36
165 256
165 2
165 3
165 3
165 37
165 2
165 3
165 36
165 257
165 2
165 4
165 36
165 256
165 2
165 4
165 36
165 257
166 4
166 5
166 15
166 102
166 5
166 7
166 36
166 257
166 6
166 5
166 15
166 107
166 6
166 7
166 15
166 108
166 6
166 7
166 15
166 107
166 6
166 7
166 36
166 256
166 0
166 3
166 15
166 107
166 0
166 5
166 15
166 108
166 1
166 3
166 15
166 107
166 2
166 2
166 15
166 107
167 3
167 0
167 36
167 257
167 3
167 1
167 15
167 108
167 3
167 6
167 15
167 107
167 3
167 6
167 15
167 108
167 3
167 7
167 36
167 256
167 4
167 0
167 15
167 108
167 4
167 6
167 15
167 107
167 4
167 7
167 36
167 257
167 5
167 1
167 36
167 256
167 5
167 1
167 15
167 108
168 1
168 3
168 39
168 256
168 1
168 5
168 39
168 256
168 1
168 7
168 39
168 256
168 2
168 2
168 36
168 257
168 3
168 0
168 39
168 256
168 3
168 2
168 39
168 256
168 3
168 5
168 39
168 256
168 3
168 7
168 39
168 256
168 4
168 3
168 39
168 256
168 4
168 6
168 39
168 256
169 6
169 2
169 36
169 257
169 6
169 2
169 15
169 107
169 6
169 3
169 15
169 108
169 6
169 3
169 15
169 107
169 6
169 3
169 35
169 245
169 6
169 4
169 15
169 107
169 6
169 5
169 15
169 107
169 6
169 5
169 36
169 256
169 6
169 5
169 15
169 107
169 0
169 4
169 15
169 108
170 4
170 3
170 15
170 108
170 4
170 3
170 15
170 107
170 5
170 2
170 15
170 108
170 5
170 4
170 15
170 108
170 5
170 6
170 15
170 108
170 6
170 2
170 15
170 108
170 6
170 2
170 15
170 107
170 6
170 3
170 15
170 108
170 6
170 3
170 36
170 257
170 6
170 4
170 36
170 256
171 2
171 0
171 31
171 214
171 2
171 1
171 15
171 105
171 2
171 3
171 36
171 257
171 2
171 3
171 15
171 107
171 2
171 3
171 31
171 215
171 2
171 7
171 31
171 214
171 3
171 4
171 31
171 214
171 4
171 1
171 31
171 215
171 4
171 5
171 31
171 215
171 4
171 5
171 31
171 214
172 0
172 4
172 36
172 257
172 0
172 4
172 15
172 108
172 0
172 4
172 15
172 107
172 1
172 4
172 15
172 108
172 1
172 6
172 15
172 107
172 2
172 0
172 36
172 256
172 2
172 0
172 15
172 108
172 2
172 2
172 15
172 107
172 2
172 4
172 15
172 108
172 2
172 6
172 15
172 107
173 0
173 0
173 15
173 107
173 0
173 0
173 15
173 108
173 0
173 0
173 36
173 257
173 0
173 0
173 15
173 107
173 1
173 0
173 15
173 108
173 1
173 0
173 15
173 107
173 1
173 6
173 15
173 108
173 1
173 6
173 15
173 107
173 2
173 0
173 15
173 107
173 2
173 6
173 15
173 108
174 0
174 0
174 36
174 257
174 0
174 4
174 36
174 256
174 1
174 0
174 36
174 257
174 1
174 4
174 36
174 256
174 1
174 4
174 22
174 133
174 1
174 4
174 36
174 257
174 1
174 4
174 36
174 256
174 1
174 7
174 36
174 257
174 2
174 3
174 5
174 48
174 3
174 7
174 5
174 48
175 6
175 0
175 30
175 209
175 6
175 0
175 30
175 208
175 6
175 0
175 30
175 209
175 6
175 1
175 36
175 257
175 6
175 3
175 30
175 209
175 6
175 3
175 30
175 208
175 6
175 3
175 30
175 209
175 6
175 7
175 36
175 256
175 6
175 7
175 30
175 205
175 6
175 7
175 11
175 84
176 4
176 1
176 36
176 257
176 4
176 1
176 15
176 107
176 6
176 7
176 36
176 256
176 1
176 0
176 36
176 257
176 1
176 0
176 15
176 107
176 2
176 0
176 15
176 107
176 2
176 1
176 36
176 256
176 3
176 0
176 36
176 257
176 3
176 0
176 15
176 107
176 3
176 4
176 36
176 256
177 6
177 3
177 22
177 141
177 6
177 3
177 22
177 142
177 6
177 4
177 15
177 107
177 6
177 4
177 36
177 257
177 6
177 4
177 15
177 107
177 6
177 5
177 15
177 102
177 6
177 5
177 15
177 107
177 6
177 5
177 15
177 102
177 6
177 7
177 36
177 256
177 0
177 1
177 36
177 257
178 3
178 7
178 36
178 257
178 4
178 4
178 36
178 256
178 4
178 7
178 36
178 257
178 5
178 4
178 36
178 256
178 5
178 7
178 36
178 257
178 1
178 3
178 36
178 256
178 1
178 3
178 36
178 257
178 1
178 4
178 36
178 256
178 1
178 7
178 36
178 257
178 2
178 4
178 36
178 256
179 3
179 4
179 15
179 108
179 4
179 2
179 15
179 108
179 4
179 7
179 15
179 107
179 5
179 7
179 15
179 107
179 6
179 7
179 15
179 107
179 0
179 5
179 15
179 107
179 2
179 4
179 15
179 108
179 3
179 0
179 15
179 107
179 6
179 4
179 36
179 257
179 6
179 7
179 15
179 107
180 3
180 3
180 15
180 107
180 3
180 5
180 15
180 108
180 3
180 5
180 15
180 107
180 3
180 7
180 35
180 245
180 4
180 2
180 36
180 257
180 4
180 3
180 15
180 108
180 4
180 3
180 36
180 256
180 4
180 3
180 15
180 107
180 4
180 7
180 15
180 107
180 5
180 1
180 36
180 257
181 1
181 4
181 36
181 257
181 2
181 0
181 35
181 246
181 2
181 0
181 35
181 245
181 2
181 0
181 36
181 256
181 2
181 1
181 35
181 245
181 2
181 4
181 15
181 107
181 2
181 4
181 15
181 108
181 2
181 4
181 15
181 102
181 2
181 4
181 15
181 107
181 2
181 5
181 15
181 108
182 1
182 5
182 36
182 257
182 1
182 5
182 22
182 141
182 1
182 6
182 22
182 141
182 3
182 6
182 22
182 141
182 3
182 7
182 22
182 142
182 4
182 0
182 22
182 142
182 4
182 1
182 22
182 141
182 4
182 6
182 35
182 246
182 6
182 6
182 22
182 141
182 0
182 1
182 22
182 142
183 3
183 3
183 36
183 257
183 3
183 3
183 36
183 256
183 3
183 3
183 15
183 108
183 3
183 3
183 36
183 257
183 3
183 7
183 36
183 256
183 4
183 0
183 36
183 257
183 4
183 1
183 36
183 256
183 4
183 1
183 36
183 257
183 4
183 1
183 36
183 256
183 4
183 2
183 36
183 257
184 5
184 7
184 36
184 257
184 0
184 3
184 15
184 107
184 1
184 0
184 15
184 108
184 1
184 0
184 15
184 107
184 1
184 5
184 15
184 107
184 1
184 5
184 36
184 256
184 2
184 5
184 36
184 257
184 2
184 6
184 15
184 107
184 4
184 4
184 15
184 107
184 4
184 4
184 15
184 108
185 2
185 0
185 36
185 257
185 2
185 1
185 36
185 256
185 2
185 2
185 36
185 257
185 2
185 2
185 36
185 256
185 2
185 3
185 15
185 108
185 2
185 7
185 36
185 257
185 2
185 7
185 36
185 256
185 3
185 0
185 36
185 257
185 3
185 0
185 36
185 256
185 3
185 1
185 36
185 257
186 0
186 0
186 36
186 257
186 0
186 0
186 36
186 256
186 6
186 0
186 36
186 257
186 6
186 1
186 36
186 256
186 6
186 0
186 36
186 257
186 6
186 1
186 36
186 256
186 0
186 0
186 36
186 257
186 0
186 7
186 36
186 256
186 1
186 7
186 36
186 257
186 2
186 5
186 36
186 256
187 1
187 6
187 15
187 107
187 2
187 2
187 15
187 108
187 2
187 4
187 15
187 107
187 2
187 5
187 15
187 108
187 2
187 7
187 15
187 107
187 3
187 1
187 15
187 108
187 3
187 5
187 15
187 108
187 0
187 3
187 36
187 257
187 1
187 4
187 15
187 108
187 1
187 5
187 15
187 107
188 2
188 4
188 22
188 133
188 2
188 4
188 15
188 102
188 2
188 4
188 15
188 103
188 2
188 5
188 22
188 133
188 2
188 6
188 36
188 257
188 2
188 6
188 36
188 256
188 3
188 1
188 15
188 108
188 3
188 2
188 15
188 108
188 3
188 6
188 36
188 257
188 3
188 6
188 15
188 107
189 0
189 4
189 15
189 107
189 1
189 3
189 15
189 102
189 1
189 4
189 15
189 107
189 3
189 0
189 15
189 107
189 3
189 3
189 15
189 108
189 3
189 5
189 36
189 257
189 4
189 4
189 36
189 256
189 4
189 4
189 36
189 257
189 6
189 3
189 15
189 107
189 6
189 4
189 15
189 107
190 0
190 1
190 36
190 257
190 0
190 4
190 15
190 108
190 0
190 4
190 15
190 107
190 0
190 4
190 35
190 236
190 1
190 6
190 15
190 107
190 2
190 1
190 36
190 256
190 2
190 3
190 36
190 257
190 3
190 0
190 35
190 236
190 3
190 2
190 15
190 108
190 4
190 3
190 15
190 107
191 3
191 0
191 15
191 107
191 3
191 4
191 36
191 257
191 4
191 0
191 36
191 256
191 4
191 0
191 15
191 107
191 5
191 0
191 36
191 257
191 6
191 7
191 36
191 256
191 0
191 0
191 36
191 257
191 0
191 0
191 15
191 107
191 1
191 7
191 36
191 256
191 2
191 0
191 36
191 257
192 0
192 5
192 39
192 256
192 0
192 7
192 39
192 256
192 1
192 3
192 39
192 256
192 1
192 5
192 39
192 256
192 1
192 7
192 39
192 256
192 2
192 2
192 36
192 257
192 3
192 0
192 39
192 256
192 3
192 2
192 39
192 256
192 3
192 5
192 39
192 256
192 3
192 7
192 39
192 256
193 2
193 4
193 36
193 257
193 2
193 4
193 15
193 107
193 2
193 7
193 22
193 142
193 2
193 7
193 36
193 256
193 2
193 7
193 15
193 108
193 2
193 7
193 15
193 107
193 2
193 7
193 36
193 257
193 3
193 3
193 22
193 142
193 3
193 4
193 5
193 47
193 4
193 3
193 22
193 142
194 1
194 0
194 35
194 246
194 1
194 0
194 35
194 245
194 1
194 1
194 36
194 257
194 1
194 2
194 36
194 256
194 2
194 7
194 15
194 108
194 3
194 1
194 36
194 257
194 3
194 1
194 36
194 256
194 3
194 1
194 15
194 108
194 4
194 6
194 36
194 257
194 4
194 7
194 36
194 256
195 4
195 5
195 35
195 246
195 0
195 3
195 36
195 257
195 0
195 5
195 35
195 245
195 1
195 4
195 35
195 246
195 1
195 4
195 35
195 245
195 2
195 4
195 35
195 246
195 2
195 4
195 35
195 245
195 3
195 5
195 35
195 246
195 3
195 5
195 35
195 245
195 4
195 5
195 35
195 246
196 0
196 1
196 15
196 108
196 0
196 1
196 15
196 107
196 0
196 4
196 15
196 108
196 0
196 5
196 15
196 108
196 0
196 7
196 36
196 257
196 2
196 4
196 36
196 256
196 2
196 5
196 15
196 108
196 2
196 6
196 15
196 108
196 4
196 3
196 36
196 257
196 5
196 4
196 36
196 256
197 3
197 3
197 36
197 257
197 4
197 1
197 36
197 256
197 4
197 3
197 36
197 257
197 4
197 6
197 36
197 256
197 5
197 0
197 15
197 108
197 6
197 1
197 15
197 107
197 6
197 1
197 15
197 108
197 6
197 1
197 35
197 246
197 6
197 1
197 35
197 236
197 6
197 6
197 36
197 257
198 5
198 4
198 36
198 257
198 5
198 5
198 36
198 256
198 5
198 5
198 36
198 257
198 0
198 2
198 36
198 256
198 6
198 3
198 36
198 257
198 1
198 7
198 15
198 102
198 3
198 6
198 15
198 107
198 3
198 6
198 15
198 102
198 3
198 7
198 15
198 102
198 4
198 7
198 15
198 102
199 4
199 0
199 15
199 108
199 4
199 6
199 15
199 107
199 4
199 7
199 36
199 257
199 5
199 1
199 36
199 256
199 5
199 1
199 15
199 108
199 5
199 7
199 15
199 107
199 6
199 1
199 15
199 108
199 6
199 1
199 15
199 107
199 6
199 2
199 36
199 257
199 6
199 2
199 15
199 108
200 6
200 3
200 35
200 245
200 6
200 4
200 15
200 107
200 6
200 5
200 15
200 107
200 6
200 5
200 36
200 257
200 6
200 5
200 15
200 107
200 0
200 4
200 15
200 108
200 0
200 4
200 15
200 107
200 0
200 5
200 15
200 107
200 1
200 0
200 35
200 245
200 1
200 4
200 35
200 236
201 6
201 7
201 35
201 246
201 0
201 0
201 36
201 257
201 0
201 1
201 36
201 256
201 0
201 3
201 36
201 257
201 0
201 3
201 36
201 256
201 0
201 4
201 15
201 102
201 0
201 4
201 36
201 257
201 0
201 4
201 36
201 256
201 1
201 0
201 15
201 102
201 1
201 0
201 36
201 257
202 6
202 3
202 15
202 108
202 6
202 3
202 36
202 257
202 6
202 3
202 15
202 107
202 0
202 0
202 15
202 108
202 0
202 0
202 15
202 107
202 0
202 1
202 36
202 256
202 0
202 2
202 36
202 257
202 1
202 1
202 36
202 256
202 1
202 1
202 15
202 108
202 1
202 1
202 15
202 107
203 2
203 0
203 36
203 257
203 2
203 2
203 1
203 24
203 2
203 2
203 36
203 256
203 2
203 7
203 36
203 257
203 3
203 0
203 36
203 256
203 3
203 0
203 1
203 25
203 3
203 2
203 1
203 24
203 3
203 2
203 36
203 257
203 3
203 6
203 1
203 25
203 3
203 6
203 1
203 16
204 1
204 5
204 35
204 245
204 1
204 7
204 35
204 236
204 1
204 7
204 35
204 246
204 1
204 7
204 36
204 257
204 2
204 0
204 15
204 108
204 2
204 0
204 15
204 107
204 2
204 0
204 15
204 108
204 3
204 0
204 15
204 107
204 3
204 1
204 15
204 108
204 4
204 0
204 15
204 108
205 5
205 1
205 36
205 257
205 5
205 7
205 36
205 256
205 0
205 0
205 36
205 257
205 0
205 0
205 36
205 256
205 0
205 2
205 36
205 257
205 1
205 4
205 36
205 256
205 1
205 7
205 36
205 257
205 2
205 4
205 36
205 256
205 4
205 6
205 36
205 257
205 4
205 6
205 36
205 256
206 0
206 2
206 36
206 257
206 0
206 4
206 15
206 108
206 0
206 4
206 36
206 256
206 1
206 0
206 36
206 257
206 1
206 0
206 15
206 107
206 1
206 1
206 15
206 108
206 2
206 1
206 15
206 107
206 2
206 1
206 36
206 256
206 2
206 4
206 15
206 108
206 4
206 1
206 36
206 257
207 0
207 7
207 36
207 257
207 0
207 7
207 27
207 179
207 0
207 7
207 12
207 98
207 0
207 7
207 35
207 236
207 0
207 7
207 3
207 38
207 0
207 7
207 34
207 230
207 0
207 7
207 2
207 27
207 0
207 7
207 35
207 245
207 0
207 7
207 35
207 236
207 0
207 7
207 12
207 98
208 1
208 4
208 36
208 257
208 1
208 7
208 36
208 256
208 2
208 4
208 36
208 257
208 4
208 6
208 36
208 256
208 4
208 6
208 36
208 257
208 5
208 1
208 36
208 256
208 5
208 4
208 36
208 257
208 5
208 7
208 36
208 256
208 6
208 4
208 36
208 257
208 0
208 1
208 36
208 256
209 0
209 1
209 15
209 107
209 0
209 2
209 15
209 108
209 1
209 4
209 15
209 108
209 3
209 4
209 15
209 108
209 3
209 4
209 15
209 107
209 4
209 4
209 15
209 107
209 5
209 5
209 15
209 107
209 5
209 6
209 36
209 257
209 6
209 0
209 36
209 256
209 6
209 0
209 15
209 108
210 4
210 3
210 36
210 257
210 6
210 3
210 36
210 256
210 1
210 2
210 36
210 257
210 1
210 3
210 36
210 256
210 3
210 4
210 36
210 257
210 4
210 5
210 36
210 256
210 5
210 4
210 36
210 257
210 6
210 4
210 36
210 256
210 0
210 4
210 36
210 257
210 1
210 3
210 36
210 256
211 3
211 4
211 36
211 257
211 3
211 6
211 36
211 256
211 4
211 0
211 36
211 257
211 4
211 0
211 36
211 256
211 5
211 3
211 36
211 257
211 0
211 7
211 36
211 256
211 0
211 7
211 36
211 257
211 1
211 5
211 36
211 256
211 1
211 6
211 36
211 257
211 3
211 3
211 36
211 256
212 5
212 2
212 36
212 257
212 0
212 4
212 36
212 256
212 0
212 5
212 36
212 257
212 0
212 5
212 36
212 256
212 2
212 2
212 36
212 257
212 2
212 5
212 36
212 256
212 3
212 1
212 36
212 257
212 3
212 1
212 36
212 256
212 3
212 1
212 36
212 257
212 4
212 1
212 36
212 256
213 1
213 2
213 15
213 108
213 1
213 7
213 15
213 107
213 1
213 7
213 36
213 257
213 2
213 1
213 36
213 256
213 2
213 6
213 15
213 107
213 3
213 0
213 36
213 257
213 3
213 0
213 36
213 256
213 3
213 1
213 15
213 108
213 3
213 6
213 15
213 107
213 3
213 6
213 15
213 108
214 4
214 3
214 22
214 142
214 4
214 4
214 36
214 257
214 4
214 4
214 22
214 141
214 5
214 0
214 36
214 256
214 5
214 2
214 36
214 257
214 5
214 3
214 22
214 142
214 5
214 4
214 22
214 141
214 6
214 2
214 22
214 142
214 6
214 2
214 22
214 141
214 0
214 3
214 22
214 142
215 5
215 7
215 39
215 256
215 6
215 4
215 39
215 256
215 6
215 7
215 39
215 256
215 0
215 4
215 36
215 257
215 0
215 4
215 36
215 256
215 0
215 5
215 39
215 256
215 0
215 7
215 39
215 256
215 1
215 3
215 39
215 256
215 1
215 5
215 39
215 256
215 1
215 7
215 39
215 256
216 0
216 0
216 36
216 257
216 0
216 1
216 36
216 256
216 0
216 3
216 36
216 257
216 0
216 3
216 36
216 256
216 0
216 4
216 15
216 102
216 0
216 4
216 36
216 257
216 0
216 4
216 36
216 256
216 1
216 0
216 15
216 102
216 1
216 0
216 36
216 257
216 1
216 0
216 36
216 256
217 0
217 0
217 35
217 246
217 0
217 1
217 15
217 107
217 0
217 1
217 15
217 108
217 0
217 1
217 36
217 257
217 0
217 4
217 36
217 256
217 1
217 1
217 35
217 236
217 1
217 1
217 36
217 257
217 1
217 1
217 15
217 107
217 1
217 1
217 15
217 108
217 1
217 1
217 35
217 248
218 1
218 6
218 15
218 107
218 2
218 3
218 22
218 133
218 2
218 4
218 22
218 133
218 3
218 0
218 35
218 236
218 3
218 0
218 35
218 245
218 3
218 3
218 22
218 133
218 3
218 4
218 36
218 257
218 3
218 6
218 22
218 133
218 3
218 6
218 3
218 39
218 4
218 6
218 22
218 133
219 0
219 3
219 15
219 108
219 1
219 3
219 15
219 108
219 2
219 3
219 15
219 108
219 3
219 2
219 15
219 107
219 3
219 2
219 15
219 108
219 3
219 2
219 15
219 107
219 3
219 4
219 15
219 108
219 3
219 6
219 15
219 107
219 4
219 6
219 36
219 257
219 5
219 4
219 15
219 108
220 6
220 1
220 15
220 108
220 6
220 2
220 36
220 257
220 6
220 4
220 36
220 256
220 0
220 2
220 35
220 236
220 0
220 4
220 35
220 246
220 0
220 5
220 35
220 246
220 2
220 0
220 36
220 257
220 2
220 3
220 36
220 256
220 3
220 1
220 36
220 257
220 3
220 3
220 36
220 256
221 4
221 0
221 15
221 107
221 4
221 2
221 36
221 257
221 4
221 2
221 15
221 107
221 4
221 5
221 36
221 256
221 5
221 0
221 15
221 107
221 5
221 5
221 15
221 108
221 6
221 1
221 15
221 107
221 6
221 1
221 15
221 108
221 0
221 0
221 15
221 107
221 0
221 2
221 36
221 257
222 5
222 2
222 36
222 257
222 5
222 3
222 22
222 142
222 5
222 4
222 22
222 141
222 6
222 2
222 22
222 142
222 6
222 2
222 22
222 141
222 0
222 3
222 22
222 142
222 0
222 4
222 22
222 141
222 0
222 4
222 36
222 256
222 1
222 0
222 36
222 257
222 1
222 4
222 36
222 256
223 3
223 1
223 36
223 257
223 3
223 3
223 36
223 256
223 4
223 1
223 36
223 257
223 4
223 3
223 36
223 256
223 4
223 6
223 36
223 257
223 5
223 0
223 15
223 108
223 6
223 1
223 15
223 107
223 6
223 1
223 15
223 108
223 6
223 1
223 35
223 246
223 6
223 1
223 35
223 236
224 6
224 4
224 22
224 141
224 6
224 4
224 36
224 257
224 6
224 6
224 15
224 107
224 0
224 0
224 36
224 256
224 0
224 3
224 36
224 257
224 0
224 4
224 36
224 256
224 0
224 6
224 15
224 107
224 1
224 3
224 22
224 142
224 1
224 4
224 22
224 141
224 1
224 4
224 36
224 257
225 0
225 6
225 15
225 107
225 0
225 6
225 36
225 257
225 1
225 4
225 15
225 108
225 1
225 7
225 36
225 256
225 3
225 5
225 15
225 107
225 4
225 3
225 15
225 107
225 5
225 6
225 36
225 257
225 5
225 7
225 36
225 256
225 0
225 3
225 15
225 107
225 1
225 0
225 15
225 108
226 1
226 7
226 35
226 245
226 1
226 7
226 36
226 257
226 2
226 0
226 1
226 24
226 2
226 0
226 36
226 256
226 2
226 1
226 1
226 24
226 2
226 1
226 36
226 257
226 2
226 6
226 36
226 256
226 2
226 7
226 36
226 257
226 3
226 0
226 36
226 256
226 3
226 2
226 36
226 257
227 3
227 2
227 11
227 83
227 3
227 4
227 36
227 257
227 3
227 4
227 15
227 108
227 3
227 5
227 36
227 256
227 4
227 3
227 11
227 83
227 4
227 4
227 11
227 88
227 4
227 4
227 11
227 83
227 6
227 1
227 11
227 83
227 6
227 2
227 11
227 88
227 6
227 2
227 11
227 83
228 6
228 5
228 15
228 107
228 6
228 6
228 36
228 257
228 6
228 6
228 15
228 108
228 6
228 6
228 15
228 107
228 6
228 6
228 15
228 105
228 6
228 7
228 15
228 107
228 6
228 7
228 15
228 108
228 6
228 7
228 15
228 105
228 6
228 7
228 15
228 102
228 0
228 0
228 15
228 107
229 4
229 6
229 36
229 257
229 5
229 7
229 35
229 246
229 6
229 2
229 36
229 256
229 6
229 7
229 15
229 107
229 6
229 2
229 15
229 108
229 6
229 2
229 15
229 107
229 6
229 2
229 15
229 108
229 6
229 3
229 15
229 107
229 6
229 6
229 15
229 108
229 1
229 6
229 36
229 257
230 6
230 0
230 36
230 257
230 6
230 0
230 8
230 61
230 6
230 0
230 8
230 65
230 6
230 0
230 35
230 236
230 6
230 0
230 30
230 207
230 6
230 0
230 36
230 256
230 6
230 0
230 1
230 25
230 6
230 0
230 8
230 65
230 6
230 0
230 36
230 257
230 6
230 0
230 27
230 179
231 4
231 2
231 36
231 257
231 4
231 6
231 36
231 256
231 5
231 1
231 36
231 257
231 5
231 3
231 36
231 256
231 5
231 6
231 36
231 257
231 5
231 6
231 15
231 108
231 0
231 1
231 36
231 256
231 1
231 5
231 35
231 245
231 1
231 6
231 36
231 257
231 2
231 6
231 36
231 256
232 0
232 5
232 15
232 107
232 0
232 5
232 15
232 108
232 0
232 5
232 15
232 107
232 0
232 5
232 36
232 257
232 0
232 5
232 36
232 256
232 0
232 5
232 31
232 214
232 1
232 7
232 15
232 107
232 1
232 7
232 15
232 102
232 2
232 1
232 35
232 236
232 2
232 1
232 35
232 246
233 3
233 1
233 36
233 257
233 3
233 2
233 36
233 256
233 4
233 7
233 36
233 257
233 4
233 7
233 36
233 256
233 3
233 0
233 36
233 257
233 3
233 6
233 36
233 256
233 3
233 6
233 36
233 257
233 4
233 2
233 36
233 256
233 4
233 6
233 36
233 257
233 4
233 7
233 36
233 256
234 4
234 1
234 15
234 107
234 5
234 2
234 15
234 108
234 0
234 7
234 15
234 108
234 1
234 7
234 15
234 108
234 1
234 7
234 36
234 257
234 1
234 7
234 36
234 256
234 1
234 7
234 15
234 107
234 3
234 7
234 36
234 257
234 3
234 7
234 15
234 107
234 4
234 1
234 15
234 107
235 2
235 7
235 36
235 257
235 2
235 7
235 36
235 256
235 2
235 7
235 36
235 257
235 2
235 7
235 36
235 256
235 3
235 0
235 36
235 257
235 3
235 0
235 36
235 256
235 3
235 1
235 36
235 257
235 3
235 1
235 36
235 256
235 3
235 3
235 36
235 257
235 3
235 3
235 36
235 256
236 1
236 3
236 36
236 257
236 1
236 3
236 36
236 256
236 1
236 4
236 36
236 257
236 2
236 0
236 36
236 256
236 2
236 4
236 36
236 257
236 2
236 5
236 36
236 256
236 2
236 5
236 36
236 257
236 2
236 6
236 36
236 256
236 3
236 3
236 36
236 257
236 3
236 3
236 36
236 256
237 3
237 3
237 1
237 14
237 3
237 3
237 8
237 69
237 3
237 3
237 35
237 245
237 3
237 3
237 36
237 257
237 3
237 3
237 27
237 179
237 3
237 3
237 12
237 98
237 3
237 3
237 12
237 97
237 3
237 3
237 15
237 108
237 3
237 3
237 35
237 245
237 3
237 3
237 35
237 236
238 0
238 4
238 15
238 108
238 0
238 5
238 15
238 107
238 0
238 5
238 36
238 257
238 1
238 4
238 36
238 256
238 1
238 5
238 35
238 245
238 1
238 5
238 36
238 257
238 2
238 4
238 36
238 256
238 2
238 5
238 36
238 257
238 2
238 5
238 35
238 245
238 3
238 4
238 15
238 108
239 2
239 1
239 36
239 257
239 2
239 5
239 36
239 256
239 4
239 3
239 15
239 108
239 5
239 4
239 15
239 107
239 6
239 5
239 15
239 107
239 2
239 5
239 15
239 107
239 3
239 3
239 15
239 108
239 3
239 3
239 15
239 107
239 6
239 3
239 15
239 107
239 0
239 6
239 36
239 257
240 6
240 6
240 36
240 257
240 0
240 4
240 35
240 245
240 0
240 5
240 36
240 256
240 0
240 7
240 35
240 246
240 1
240 2
240 36
240 257
240 2
240 0
240 35
240 246
240 2
240 0
240 36
240 256
240 2
240 1
240 36
240 257
240 2
240 2
240 36
240 256
240 2
240 4
240 36
240 257
241 1
241 4
241 15
241 108
241 1
241 7
241 36
241 257
241 3
241 5
241 15
241 107
241 4
241 3
241 15
241 107
241 5
241 6
241 36
241 256
241 5
241 7
241 36
241 257
241 0
241 3
241 15
241 107
241 1
241 0
241 15
241 108
241 1
241 0
241 15
241 107
241 1
241 5
241 15
241 107
242 2
242 5
242 36
242 257
242 2
242 6
242 35
242 246
242 3
242 4
242 36
242 256
242 3
242 7
242 15
242 105
242 5
242 2
242 36
242 257
242 5
242 3
242 15
242 108
242 5
242 4
242 36
242 256
242 5
242 6
242 36
242 257
242 0
242 6
242 36
242 256
242 0
242 7
242 36
242 257
243 0
243 0
243 36
243 257
243 6
243 0
243 36
243 256
243 6
243 1
243 36
243 257
243 6
243 0
243 36
243 256
243 6
243 1
243 36
243 257
243 0
243 0
243 36
243 256
243 0
243 7
243 36
243 257
243 1
243 7
243 36
243 256
243 2
243 5
243 36
243 257
243 3
243 5
243 36
243 256
244 4
244 2
244 36
244 257
244 4
244 2
244 36
244 256
244 5
244 2
244 36
244 257
244 6
244 0
244 36
244 256
244 6
244 2
244 36
244 257
244 0
244 0
244 36
244 256
244 1
244 1
244 36
244 257
244 1
244 1
244 36
244 256
244 1
244 2
244 36
244 257
244 3
244 1
244 36
244 256
245 0
245 2
245 35
245 246
245 0
245 2
245 35
245 245
245 0
245 2
245 35
245 246
245 0
245 4
245 15
245 108
245 1
245 0
245 35
245 245
245 1
245 0
245 36
245 257
245 1
245 0
245 36
245 256
245 1
245 0
245 36
245 257
245 1
245 1
245 36
245 256
245 1
245 3
245 36
245 257
246 2
246 4
246 15
246 102
246 2
246 4
246 15
246 107
246 3
246 6
246 15
246 107
246 3
246 7
246 36
246 257
246 4
246 3
246 15
246 108
246 4
246 3
246 15
246 107
246 4
246 5
246 15
246 102
246 5
246 7
246 36
246 256
246 6
246 5
246 15
246 107
246 6
246 7
246 15
246 108
247 2
247 4
247 15
247 107
247 2
247 7
247 22
247 142
247 2
247 7
247 36
247 257
247 2
247 7
247 15
247 108
247 2
247 7
247 15
247 107
247 2
247 7
247 36
247 256
247 3
247 3
247 22
247 142
247 3
247 4
247 5
247 47
247 4
247 3
247 22
247 142
247 4
247 3
247 15
247 108
248 0
248 0
248 36
248 257
248 2
248 3
248 36
248 256
248 2
248 3
248 36
248 257
248 2
248 3
248 15
248 108
248 4
248 3
248 15
248 108
248 5
248 0
248 15
248 108
248 5
248 0
248 15
248 107
248 5
248 1
248 36
248 256
248 5
248 1
248 36
248 257
248 5
248 1
248 36
248 256
249 3
249 7
249 36
249 257
249 3
249 7
249 36
249 256
249 3
249 7
249 36
249 257
249 4
249 6
249 15
249 108
249 4
249 6
249 15
249 107
249 4
249 6
249 15
249 108
249 4
249 7
249 15
249 107
249 4
249 7
249 35
249 245
249 5
249 1
249 35
249 246
249 5
249 2
249 36
249 256
250 2
250 2
250 15
250 107
250 2
250 3
250 36
250 257
250 2
250 3
250 22
250 142
250 2
250 4
250 22
250 141
250 2
250 4
250 36
250 256
250 2
250 5
250 15
250 107
250 3
250 3
250 22
250 142
250 3
250 4
250 36
250 257
250 3
250 5
250 15
250 107
250 4
250 2
250 36
250 256
251 1
251 2
251 15
251 107
251 1
251 4
251 36
251 257
251 1
251 4
251 15
251 108
251 2
251 1
251 36
251 256
251 2
251 4
251 36
251 257
251 3
251 0
251 15
251 107
251 3
251 2
251 36
251 256
251 3
251 5
251 36
251 257
251 3
251 5
251 36
251 256
251 4
251 1
251 36
251 257
252 4
252 0
252 36
252 257
252 4
252 0
252 36
252 256
252 4
252 4
252 36
252 257
252 4
252 4
252 36
252 256
252 4
252 7
252 36
252 257
252 4
252 7
252 36
252 256
252 6
252 5
252 36
252 257
252 0
252 1
252 35
252 245
252 0
252 1
252 36
252 256
252 0
252 3
252 36
252 257
253 3
253 6
253 15
253 107
253 3
253 6
253 36
253 257
253 4
253 2
253 15
253 108
253 4
253 5
253 36
253 256
253 4
253 5
253 36
253 257
253 4
253 5
253 15
253 107
253 5
253 5
253 36
253 256
253 5
253 5
253 15
253 107
253 6
253 4
253 15
253 108
253 6
253 6
253 36
253 257
254 5
254 5
254 36
254 257
254 6
254 7
254 36
254 256
254 0
254 4
254 15
254 107
254 2
254 4
254 36
254 257
254 3
254 2
254 22
254 133
254 3
254 5
254 36
254 256
254 4
254 0
254 36
254 257
254 1
254 0
254 22
254 133
254 1
254 0
254 15
254 108
254 1
254 0
254 22
254 133
255 2
255 4
255 22
255 141
255 3
255 5
255 36
255 257
255 4
255 2
255 36
255 256
255 5
255 0
255 36
255 257
255 6
255 0
255 22
255 142
255 6
255 2
255 22
255 141
255 4
255 5
255 22
255 142
255 5
255 0
255 36
255 256
255 1
255 5
255 22
255 142
255 2
255 2
255 36
255 257
256 1
256 3
256 36
256 257
256 1
256 4
256 36
256 256
256 1
256 4
256 36
256 257
256 1
256 5
256 36
256 256
256 1
256 7
256 15
256 108
256 1
256 7
256 35
256 246
256 1
256 7
256 36
256 257
256 1
256 7
256 36
256 256
256 2
256 0
256 35
256 245
256 2
256 0
256 15
256 108
257 0
257 5
257 36
257 257
257 0
257 5
257 36
257 256
257 0
257 6
257 36
257 257
257 1
257 2
257 36
257 256
257 1
257 2
257 36
257 257
257 1
257 5
257 36
257 256
257 1
257 5
257 36
257 257
257 1
257 5
257 36
257 256
257 2
257 1
257 36
257 257
257 2
257 2
257 36
257 256
258 3
258 7
258 36
258 257
258 4
258 0
258 36
258 256
258 4
258 1
258 36
258 257
258 4
258 2
258 36
258 256
258 4
258 2
258 36
258 257
258 4
258 3
258 36
258 256
258 4
258 3
258 15
258 108
258 4
258 7
258 36
258 257
258 5
258 0
258 36
258 256
258 5
258 0
258 36
258 257
259 5
259 2
259 36
259 257
259 5
259 3
259 36
259 256
259 5
259 3
259 15
259 108
259 6
259 1
259 36
259 257
259 6
259 1
259 36
259 256
259 6
259 3
259 36
259 257
259 6
259 3
259 15
259 108
259 6
259 3
259 34
259 223
259 0
259 0
259 36
259 256
259 0
259 1
259 36
259 257
260 1
260 1
260 15
260 108
260 1
260 6
260 15
260 107
260 1
260 7
260 15
260 108
260 1
260 7
260 15
260 107
260 2
260 1
260 15
260 108
260 2
260 6
260 15
260 107
260 3
260 0
260 36
260 257
260 3
260 0
260 15
260 108
260 3
260 0
260 36
260 256
260 3
260 0
260 15
260 107
261 2
261 3
261 36
261 257
261 2
261 3
261 12
261 98
261 3
261 3
261 36
261 256
261 3
261 3
261 12
261 98
261 4
261 3
261 36
261 257
261 4
261 3
261 12
261 98
261 6
261 4
261 36
261 256
261 6
261 4
261 12
261 98
261 2
261 3
261 36
261 257
261 2
261 3
261 12
261 98
262 3
262 4
262 15
262 102
262 3
262 4
262 11
262 84
262 3
262 4
262 11
262 83
262 3
262 5
262 11
262 84
262 3
262 5
262 11
262 83
262 3
262 6
262 11
262 84
262 3
262 6
262 11
262 83
262 3
262 7
262 36
262 257
262 3
262 7
262 36
262 256
262 4
262 1
262 11
262 84
263 3
263 1
263 15
263 108
263 3
263 5
263 15
263 108
263 0
263 3
263 36
263 257
263 1
263 4
263 15
263 108
263 1
263 5
263 15
263 107
263 1
263 6
263 36
263 256
263 2
263 4
263 15
263 108
263 2
263 5
263 15
263 108
263 3
263 4
263 36
263 257
263 4
263 5
263 15
263 107
264 2
264 3
264 30
264 204
264 2
264 3
264 15
264 107
264 3
264 2
264 36
264 257
264 4
264 7
264 30
264 205
264 5
264 0
264 30
264 205
264 5
264 2
264 36
264 256
264 6
264 2
264 30
264 205
264 1
264 0
264 30
264 205
264 3
264 0
264 30
264 205
264 3
264 7
264 30
264 205
265 6
265 6
265 35
265 245
265 1
265 4
265 35
265 246
265 1
265 4
265 35
265 240
265 1
265 4
265 35
265 236
265 2
265 5
265 35
265 245
265 2
265 7
265 36
265 257
265 6
265 6
265 15
265 102
265 1
265 5
265 35
265 245
265 2
265 6
265 35
265 236
265 3
265 3
265 35
265 236
266 4
266 1
266 36
266 257
266 5
266 3
266 36
266 256
266 2
266 2
266 36
266 257
266 3
266 5
266 36
266 256
266 4
266 3
266 15
266 107
266 4
266 4
266 15
266 107
266 5
266 5
266 15
266 107
266 5
266 5
266 36
266 257
266 6
266 7
266 36
266 256
266 0
266 4
266 15
266 107
267 3
267 7
267 15
267 107
267 5
267 1
267 15
267 107
267 6
267 4
267 36
267 257
267 0
267 0
267 22
267 142
267 0
267 5
267 36
267 256
267 0
267 7
267 36
267 257
267 0
267 7
267 22
267 142
267 0
267 7
267 15
267 107
267 1
267 4
267 15
267 107
267 1
267 7
267 15
267 108
