0 0
0 2
0 2
0 29
0 0
0 2
0 0
0 12
0 0
0 2
0 11
0 64
1 1
1 4
1 13
1 75
1 1
1 4
1 30
1 208
1 1
1 4
1 18
1 111
2 2
2 0
2 12
2 70
2 2
2 0
2 27
2 180
2 2
2 0
2 13
2 80
3 3
3 3
3 22
3 144
3 3
3 3
3 9
3 57
3 3
3 3
3 32
3 230
4 4
4 5
4 3
4 33
4 4
4 5
4 18
4 120
4 4
4 5
4 13
4 77
5 5
5 6
5 30
5 209
5 5
5 6
5 16
5 90
5 5
5 6
5 18
5 111
6 6
6 7
6 2
6 28
6 6
6 7
6 3
6 35
7 6
7 3
7 0
7 6
7 6
7 3
7 2
7 29
7 6
7 4
7 11
7 64
8 4
8 5
8 13
8 75
8 4
8 5
8 1
8 18
8 4
8 6
8 30
8 208
9 1
9 2
9 22
9 144
9 1
9 2
9 12
9 70
9 1
9 3
9 16
9 90
10 2
10 4
10 32
10 230
10 2
10 4
10 9
10 57
10 2
10 5
10 18
10 109
11 0
11 7
11 31
11 225
11 0
11 7
11 0
11 12
11 0
11 7
11 13
11 79
12 6
12 7
12 2
12 29
12 6
12 7
12 1
12 18
12 6
12 7
12 11
12 64
13 4
13 0
13 13
13 75
13 4
13 0
13 2
13 28
14 2
14 4
14 30
14 208
14 2
14 4
14 18
14 111
14 2
14 4
14 9
14 57
15 5
15 2
15 22
15 144
15 5
15 2
15 31
15 225
15 5
15 2
15 13
15 77
16 3
16 3
16 16
16 87
16 3
16 3
16 18
16 109
16 3
16 3
16 3
16 35
17 1
17 1
17 12
17 70
17 1
17 1
17 27
17 180
17 1
17 1
17 13
17 80
18 0
18 0
18 32
18 230
18 0
18 0
18 9
18 57
18 0
18 0
18 22
18 152
19 6
19 4
19 0
19 12
19 6
19 4
19 13
19 80
20 4
20 3
20 11
20 64
20 4
20 3
20 30
20 214
21 2
21 5
21 2
21 29
21 2
21 5
21 24
21 165
22 3
22 6
22 30
22 214
22 3
22 6
22 13
22 80
22 3
22 6
22 0
22 12
23 0
23 2
23 3
23 35
23 0
23 2
23 2
23 28
24 1
24 0
24 18
24 111
24 1
24 0
24 11
24 64
25 5
25 7
25 30
25 213
25 5
25 7
25 13
25 79
26 6
26 1
26 0
26 11
26 6
26 1
26 2
26 29
27 6
27 3
27 0
27 6
27 6
27 3
27 2
27 29
27 6
27 4
27 11
27 64
28 4
28 5
28 13
28 75
28 4
28 5
28 1
28 18
28 4
28 6
28 30
28 208
29 3
29 2
29 18
29 111
29 3
29 2
29 24
29 165
29 3
29 3
29 3
29 35
30 0
30 0
30 12
30 70
30 0
30 0
30 16
30 90
30 0
30 1
30 13
30 80
31 5
31 4
31 22
31 144
31 5
31 4
31 32
31 230
31 5
31 5
31 9
31 57
32 6
32 7
32 2
32 29
32 6
32 7
32 0
32 12
32 6
32 7
32 11
32 64
32 6
32 7
32 13
32 75
33 4
33 0
33 2
33 28
33 4
33 0
33 12
33 70
33 4
33 0
33 30
33 208
33 4
33 0
33 18
33 111
34 3
34 3
34 1
34 16
34 3
34 3
34 13
34 80
34 3
34 3
34 18
34 109
34 3
34 4
34 30
34 217
35 0
35 2
35 2
35 29
35 0
35 2
35 11
35 64
35 0
35 2
35 13
35 77
35 0
35 3
35 30
35 208
36 5
36 5
36 12
36 69
36 5
36 5
36 0
36 11
36 5
36 5
36 2
36 28
36 5
36 6
36 30
36 214
37 2
37 3
37 18
37 115
37 2
37 3
37 13
37 80
37 2
37 4
37 30
37 208
37 2
37 4
37 18
37 111
38 1
38 0
38 2
38 29
38 1
38 0
38 11
38 64
38 1
38 0
38 13
38 75
38 1
38 1
38 30
38 217
39 6
39 4
39 1
39 16
39 6
39 4
39 13
39 80
39 6
39 4
39 18
39 109
39 6
39 5
39 30
39 208
40 6
40 7
40 2
40 29
40 6
40 7
40 3
40 35
40 6
40 7
40 2
40 28
40 6
40 7
40 24
40 165
41 4
41 0
41 2
41 29
41 4
41 0
41 24
41 165
41 4
41 0
41 3
41 35
41 4
41 0
41 2
41 28
41 4
41 0
41 2
41 29
41 4
41 0
41 3
41 35
41 4
41 0
41 2
41 28
42 3
42 4
42 13
42 75
42 3
42 4
42 13
42 77
42 3
42 4
42 30
42 208
42 3
42 4
42 30
42 217
43 0
43 3
43 0
43 12
43 0
43 3
43 0
43 6
43 0
43 3
43 11
43 64
44 1
44 6
44 22
44 152
44 1
44 6
44 22
44 148
44 1
44 6
44 13
44 75
45 6
45 7
45 2
45 29
45 6
45 7
45 3
45 35
45 6
45 7
45 2
45 28
45 6
45 7
45 24
45 165
46 4
46 0
46 2
46 29
46 4
46 0
46 24
46 165
46 4
46 0
46 3
46 35
46 4
46 0
46 2
46 28
46 4
46 0
46 2
46 29
46 4
46 0
46 3
46 35
46 4
46 0
46 2
46 28
47 5
47 4
47 0
47 4
47 5
47 4
47 13
47 75
47 5
47 4
47 30
47 208
47 5
47 4
47 16
47 90
48 0
48 3
48 32
48 230
48 0
48 3
48 13
48 77
48 0
48 3
48 22
48 144
49 1
49 5
49 11
49 64
49 1
49 5
49 13
49 75
49 1
49 5
49 30
49 217
50 2
50 6
50 18
50 109
50 2
50 6
50 16
50 87
50 2
50 6
50 30
50 209
51 3
51 2
51 2
51 29
51 3
51 2
51 24
51 165
51 3
51 2
51 3
51 35
52 4
52 7
52 1
52 16
52 4
52 7
52 13
52 75
52 4
52 7
52 30
52 208
53 6
53 3
53 0
53 6
53 6
53 3
53 2
53 29
53 6
53 4
53 13
53 75
54 4
54 7
54 11
54 64
54 4
54 7
54 22
54 144
54 4
54 7
54 18
54 111
55 0
55 2
55 32
55 230
55 0
55 3
55 9
55 57
55 0
55 4
55 13
55 77
56 5
56 5
56 3
56 35
56 5
56 5
56 2
56 28
56 5
56 6
56 16
56 90
57 2
57 0
57 18
57 115
57 2
57 1
57 24
57 165
57 2
57 2
57 13
57 80
58 6
58 3
58 2
58 29
58 6
58 3
58 0
58 6
58 6
58 3
58 11
58 64
59 4
59 6
59 16
59 90
59 4
59 6
59 13
59 75
59 4
59 6
59 3
59 35
60 5
60 4
60 24
60 165
60 5
60 4
60 18
60 123
60 5
60 4
60 1
60 18
61 2
61 5
61 30
61 208
61 2
61 5
61 13
61 77
61 2
61 5
61 18
61 109
62 0
62 2
62 12
62 70
62 0
62 2
62 28
62 188
62 0
62 2
62 31
62 225
63 6
63 7
63 0
63 6
63 6
63 7
63 1
63 18
63 6
63 7
63 2
63 29
63 6
63 7
63 11
63 64
64 4
64 0
64 13
64 75
64 4
64 0
64 16
64 87
64 4
64 0
64 18
64 123
64 4
64 0
64 22
64 144
65 5
65 3
65 3
65 35
65 5
65 3
65 30
65 208
65 5
65 3
65 30
65 209
66 2
66 4
66 2
66 28
66 2
66 4
66 11
66 67
66 2
66 4
66 0
66 11
66 2
66 4
66 13
66 77
67 0
67 2
67 16
67 98
67 0
67 2
67 18
67 115
67 0
67 2
67 22
67 145
67 0
67 2
67 30
67 214
68 6
68 7
68 2
68 29
68 6
68 7
68 3
68 35
68 6
68 7
68 2
68 28
68 6
68 7
68 24
68 165
69 4
69 0
69 2
69 29
69 4
69 0
69 24
69 165
69 4
69 0
69 3
69 35
69 4
69 0
69 2
69 28
69 4
69 0
69 2
69 29
69 4
69 0
69 3
69 35
69 4
69 0
69 2
69 28
70 5
70 3
70 1
70 16
70 5
70 3
70 11
70 64
70 5
70 3
70 13
70 75
70 5
70 3
70 9
70 57
71 0
71 2
71 30
71 208
71 0
71 2
71 22
71 142
71 0
71 2
71 18
71 111
72 1
72 1
72 12
72 70
72 1
72 1
72 12
72 69
72 1
72 1
72 27
72 180
73 2
73 0
73 32
73 230
73 2
73 0
73 21
73 137
74 3
74 4
74 16
74 90
74 3
74 4
74 18
74 116
75 4
75 5
75 31
75 225
75 4
75 5
75 13
75 80
76 5
76 2
76 18
76 109
76 5
76 2
76 30
76 217
77 6
77 3
77 0
77 6
77 6
77 3
77 2
77 28
77 6
77 4
77 24
77 165
78 0
78 2
78 11
78 64
78 0
78 2
78 13
78 75
78 0
78 3
78 22
78 148
79 1
79 0
79 1
79 18
79 1
79 1
79 18
79 111
79 1
79 2
79 32
79 230
80 2
80 4
80 9
80 57
80 2
80 5
80 30
80 208
80 2
80 6
80 13
80 77
81 3
81 1
81 2
81 29
81 3
81 2
81 3
81 35
81 3
81 3
81 18
81 120
82 4
82 0
82 31
82 225
82 4
82 1
82 0
82 12
82 4
82 2
82 11
82 68
83 5
83 3
83 24
83 171
83 5
83 4
83 22
83 152
83 5
83 5
83 30
83 217
