0 0
0 3
0 0
0 6
0 0
0 3
0 2
0 28
0 0
0 3
0 11
0 64
1 1
1 2
1 24
1 165
1 1
1 2
1 3
1 35
1 1
1 2
1 15
1 85
2 2
2 0
2 13
2 77
2 2
2 0
2 30
2 208
2 2
2 0
2 18
2 123
3 3
3 1
3 12
3 70
3 3
3 1
3 27
3 181
3 3
3 1
3 26
3 176
4 4
4 4
4 19
4 127
4 4
4 4
4 22
4 144
4 4
4 4
4 8
4 55
5 5
5 6
5 21
5 139
5 5
5 6
5 16
5 90
5 5
5 6
5 13
5 76
6 6
6 7
6 31
6 221
6 6
6 7
6 1
6 18
6 6
6 7
6 32
6 230
7 6
7 2
7 2
7 29
7 6
7 2
7 13
7 77
7 6
7 2
7 0
7 6
8 0
8 3
8 24
8 165
8 0
8 3
8 30
8 208
8 0
8 4
8 11
8 64
9 1
9 5
9 22
9 144
9 1
9 5
9 9
9 57
9 1
9 6
9 18
9 120
10 2
10 0
10 12
10 70
10 2
10 1
10 27
10 180
10 2
10 2
10 12
10 70
11 3
11 3
11 30
11 204
11 3
11 4
11 30
11 208
11 3
11 6
11 30
11 208
12 4
12 0
12 2
12 29
12 4
12 0
12 3
12 35
13 6
13 3
13 2
13 29
13 6
13 3
13 0
13 6
13 6
13 4
13 30
13 208
14 4
14 5
14 11
14 64
14 4
14 5
14 13
14 77
14 4
14 6
14 30
14 208
15 5
15 0
15 24
15 165
15 5
15 1
15 3
15 35
15 5
15 2
15 2
15 28
16 2
16 4
16 1
16 18
16 2
16 4
16 18
16 111
16 2
16 5
16 27
16 180
17 0
17 2
17 12
17 70
17 0
17 3
17 16
17 90
17 0
17 4
17 30
17 208
18 6
18 2
18 2
18 29
18 6
18 2
18 13
18 75
18 6
18 2
18 0
18 6
19 4
19 4
19 11
19 64
19 4
19 4
19 3
19 35
19 4
19 4
19 15
19 85
20 5
20 5
20 24
20 165
20 5
20 5
20 30
20 208
20 5
20 5
20 18
20 111
21 0
21 3
21 12
21 70
21 0
21 3
21 22
21 144
21 0
21 3
21 9
21 57
22 2
22 0
22 31
22 225
22 2
22 0
22 1
22 18
22 2
22 0
22 16
22 90
