0 6
0 3
0 0
0 12
0 6
0 3
0 2
0 28
0 6
0 4
0 24
0 165
1 0
1 6
1 30
1 208
1 0
1 7
1 16
1 87
1 1
1 0
1 13
1 75
2 2
2 4
2 12
2 70
2 2
2 5
2 11
2 64
2 2
2 6
2 1
2 18
3 3
3 3
3 32
3 230
3 3
3 4
3 9
3 57
3 3
3 5
3 22
3 144
4 4
4 0
4 3
4 35
4 4
4 1
4 27
4 180
4 4
4 2
4 21
4 137
5 0
5 2
5 2
5 29
5 0
5 2
5 11
5 64
5 0
5 2
5 0
5 4
6 1
6 0
6 13
6 75
6 1
6 0
6 30
6 208
6 1
6 0
6 18
6 111
7 1
7 1
7 12
7 70
7 1
7 1
7 12
7 69
7 1
7 1
7 27
7 180
8 2
8 4
8 22
8 142
8 2
8 4
8 22
8 144
8 2
8 4
8 9
8 57
9 3
9 5
9 18
9 109
9 3
9 5
9 18
9 116
9 3
9 5
9 30
9 217
10 4
10 6
10 31
10 225
10 4
10 6
10 0
10 12
10 4
10 6
10 11
10 68
11 5
11 7
11 2
11 28
11 5
11 7
11 3
11 35
12 0
12 2
12 2
12 29
12 0
12 2
12 11
12 64
12 0
12 2
12 13
12 75
13 0
13 3
13 0
13 6
13 0
13 3
13 13
13 77
13 0
13 3
13 2
13 28
14 0
14 4
14 11
14 68
14 0
14 4
14 13
14 76
14 0
14 4
14 0
14 4
15 0
15 5
15 2
15 29
15 0
15 5
15 11
15 64
15 0
15 5
15 13
15 78
16 0
16 6
16 0
16 9
16 0
16 6
16 13
16 80
16 0
16 6
16 2
16 28
17 1
17 0
17 11
17 67
17 1
17 0
17 13
17 79
17 1
17 0
17 2
17 28
18 1
18 1
18 0
18 12
18 1
18 1
18 13
18 75
18 1
18 1
18 2
18 29
19 1
19 2
19 11
19 64
19 1
19 2
19 13
19 77
19 1
19 2
19 0
19 6
20 1
20 3
20 2
20 28
20 1
20 3
20 11
20 68
20 1
20 3
20 13
20 76
21 1
21 4
21 0
21 4
21 1
21 4
21 13
21 78
21 1
21 4
21 2
21 29
22 6
22 7
22 2
22 29
22 6
22 7
22 3
22 35
22 6
22 7
22 2
22 28
22 6
22 7
22 24
22 165
23 4
23 0
23 0
23 4
23 4
23 0
23 11
23 64
23 4
23 0
23 2
23 29
23 4
23 0
23 3
23 35
23 4
23 0
23 24
23 165
24 0
24 3
24 0
24 6
24 0
24 3
24 11
24 68
24 0
24 3
24 2
24 28
24 0
24 3
24 3
24 38
24 0
24 3
24 24
24 171
25 0
25 2
25 0
25 6
25 0
25 2
25 13
25 80
25 0
25 3
25 2
25 29
25 0
25 3
25 11
25 64
26 1
26 4
26 30
26 208
26 1
26 4
26 13
26 75
26 1
26 5
26 22
26 144
26 1
26 6
26 9
26 57
27 2
27 0
27 18
27 111
27 2
27 1
27 13
27 80
27 2
27 2
27 2
27 28
27 2
27 3
27 32
27 230
28 3
28 4
28 16
28 87
28 3
28 4
28 30
28 217
28 3
28 5
28 1
28 16
28 3
28 6
28 12
28 70
29 4
29 2
29 3
29 35
29 4
29 3
29 13
29 78
29 4
29 4
29 31
29 225
29 4
29 5
29 24
29 165
30 6
30 7
30 0
30 12
30 6
30 7
30 2
30 29
30 6
30 7
30 13
30 80
30 6
30 7
30 24
30 165
31 4
31 0
31 11
31 68
31 4
31 0
31 2
31 29
31 4
31 0
31 13
31 80
31 4
31 0
31 30
31 214
32 1
32 4
32 1
32 21
32 1
32 4
32 3
32 35
32 1
32 4
32 13
32 75
33 2
33 2
33 24
33 171
33 2
33 2
33 30
33 208
33 2
33 2
33 13
33 77
34 3
34 5
34 2
34 28
34 3
34 5
34 0
34 11
34 3
34 5
34 13
34 79
35 6
35 7
35 2
35 29
35 6
35 7
35 3
35 35
35 6
35 7
35 2
35 28
35 6
35 7
35 24
35 165
36 4
36 0
36 2
36 29
36 4
36 0
36 24
36 165
36 4
36 0
36 3
36 35
36 4
36 0
36 2
36 28
36 4
36 0
36 2
36 29
36 4
36 0
36 3
36 35
36 4
36 0
36 2
36 28
37 1
37 6
37 0
37 6
37 1
37 6
37 30
37 208
37 1
37 6
37 13
37 80
38 1
38 0
38 11
38 64
38 1
38 0
38 21
38 137
38 1
38 0
38 13
38 80
39 2
39 4
39 2
39 29
39 2
39 4
39 24
39 165
39 2
39 4
39 3
39 35
39 2
39 4
39 2
39 28
40 0
40 2
40 2
40 29
40 0
40 2
40 0
40 12
40 0
40 2
40 30
40 208
41 1
41 4
41 24
41 165
41 1
41 4
41 1
41 16
41 1
41 4
41 13
41 75
42 2
42 5
42 11
42 64
42 2
42 5
42 30
42 217
42 2
42 5
42 16
42 87
43 3
43 3
43 22
43 144
43 3
43 3
43 19
43 130
43 3
43 3
43 13
43 77
44 4
44 0
44 2
44 28
44 4
44 0
44 31
44 225
44 4
44 0
44 30
44 209
45 6
45 3
45 0
45 6
45 6
45 3
45 13
45 80
45 6
45 4
45 2
45 29
46 0
46 5
46 11
46 64
46 0
46 5
46 13
46 77
46 0
46 6
46 30
46 214
47 1
47 0
47 18
47 111
47 1
47 1
47 16
47 87
47 1
47 2
47 13
47 75
48 0
48 3
48 0
48 6
48 0
48 3
48 13
48 75
48 0
48 4
48 11
48 64
49 1
49 6
49 2
49 29
49 1
49 6
49 1
49 18
49 1
49 7
49 30
49 208
50 2
50 2
50 18
50 111
50 2
50 3
50 24
50 165
50 2
50 4
50 13
50 77
51 0
51 2
51 2
51 29
51 0
51 2
51 0
51 6
51 0
51 2
51 13
51 75
52 1
52 4
52 24
52 165
52 1
52 4
52 3
52 35
52 1
52 4
52 2
52 28
53 2
53 6
53 30
53 208
53 2
53 6
53 16
53 87
53 2
53 6
53 13
53 76
54 3
54 0
54 12
54 70
54 3
54 0
54 27
54 180
54 3
54 0
54 18
54 111
55 4
55 3
55 32
55 230
55 4
55 3
55 9
55 57
55 4
55 3
55 22
55 144
56 0
56 3
56 0
56 6
56 0
56 3
56 2
56 28
56 0
56 4
56 11
56 64
57 1
57 5
57 13
57 75
57 1
57 5
57 22
57 144
57 1
57 6
57 30
57 208
58 2
58 2
58 18
58 111
58 2
58 2
58 12
58 70
58 2
58 3
58 27
58 180
59 3
59 4
59 31
59 225
59 3
59 4
59 1
59 16
59 3
59 5
59 32
59 230
60 4
60 0
60 2
60 29
60 4
60 0
60 24
60 165
60 4
60 1
60 3
60 35
61 5
61 7
61 13
61 77
61 5
61 7
61 16
61 90
61 5
61 7
61 18
61 109
62 6
62 7
62 0
62 12
62 6
62 7
62 13
62 80
62 6
62 7
62 30
62 214
63 4
63 0
63 2
63 29
63 4
63 0
63 24
63 165
63 4
63 0
63 3
63 35
64 3
64 4
64 11
64 64
64 3
64 4
64 13
64 77
64 3
64 4
64 16
64 87
65 6
65 6
65 22
65 142
65 6
65 6
65 18
65 111
65 6
65 6
65 29
65 199
66 4
66 2
66 32
66 230
66 4
66 2
66 13
66 80
66 4
66 2
66 30
66 208
67 3
67 3
67 21
67 137
67 3
67 3
67 13
67 75
67 3
67 3
67 18
67 115
68 6
68 5
68 1
68 16
68 6
68 5
68 13
68 77
68 6
68 5
68 30
68 217
69 4
69 1
69 12
69 70
69 4
69 1
69 13
69 80
69 4
69 1
69 16
69 90
70 3
70 2
70 18
70 123
70 3
70 2
70 13
70 75
70 3
70 2
70 30
70 209
71 6
71 0
71 31
71 225
71 6
71 0
71 13
71 79
71 6
71 0
71 30
71 213
72 0
72 2
72 0
72 12
72 0
72 2
72 0
72 6
72 0
72 2
72 11
72 64
73 0
73 3
73 2
73 29
73 0
73 3
73 13
73 80
74 1
74 5
74 0
74 4
74 1
74 5
74 11
74 68
74 1
74 5
74 2
74 28
75 2
75 4
75 0
75 9
76 3
76 0
76 2
76 29
76 3
76 0
76 13
76 80
76 3
76 0
76 11
76 64
77 4
77 6
77 0
77 11
77 4
77 6
77 11
77 67
77 4
77 6
77 2
77 28
78 5
78 3
78 0
78 6
79 6
79 5
79 2
79 29
79 6
79 5
79 13
79 80
79 6
79 5
79 11
79 64
80 6
80 4
80 0
80 6
80 6
80 4
80 30
80 208
81 4
81 6
81 11
81 64
81 4
81 6
81 16
81 90
82 3
82 3
82 2
82 29
82 3
82 3
82 13
82 75
82 3
82 3
82 24
82 165
83 6
83 5
83 32
83 230
83 6
83 5
83 1
83 18
84 4
84 0
84 30
84 208
84 4
84 0
84 13
84 77
85 6
85 3
85 0
85 12
85 6
85 3
85 13
85 80
86 6
86 4
86 2
86 29
86 6
86 4
86 16
86 90
87 6
87 5
87 3
87 35
87 6
87 5
87 30
87 214
88 6
88 6
88 24
88 165
88 6
88 6
88 13
88 80
89 6
89 7
89 11
89 64
89 6
89 7
89 30
89 217
90 0
90 0
90 1
90 16
90 0
90 0
90 18
90 111
91 0
91 1
91 13
91 75
91 0
91 1
91 30
91 208
92 0
92 2
92 22
92 142
92 0
92 2
92 18
92 120
93 0
93 3
93 32
93 230
93 0
93 3
93 13
93 80
94 0
94 4
94 21
94 137
94 0
94 4
94 16
94 86
95 0
95 5
95 29
95 198
95 0
95 5
95 30
95 213
96 0
96 6
96 31
96 225
96 0
96 6
96 13
96 79
97 0
97 7
97 18
97 119
97 0
97 7
97 17
97 100
98 6
98 3
98 0
98 12
98 6
98 3
98 0
98 6
98 6
98 4
98 2
98 28
99 4
99 5
99 11
99 64
99 4
99 6
99 13
99 75
99 4
99 7
99 30
99 208
100 5
100 0
100 1
100 16
100 5
100 1
100 18
100 120
100 5
100 2
100 3
100 35
101 6
101 7
101 31
101 225
101 6
101 7
101 0
101 12
101 0
101 0
101 13
101 80
102 6
102 3
102 0
102 6
102 6
102 3
102 13
102 75
102 6
102 4
102 30
102 208
103 5
103 5
103 11
103 64
103 5
103 5
103 16
103 90
103 5
103 6
103 22
103 148
104 4
104 0
104 2
104 29
104 4
104 0
104 24
104 165
104 4
104 1
104 3
104 35
105 6
105 7
105 32
105 230
105 6
105 7
105 13
105 77
105 6
105 7
105 30
105 217
106 5
106 2
106 1
106 18
106 5
106 2
106 18
106 111
106 5
106 3
106 12
106 70
107 6
107 2
107 0
107 6
107 6
107 2
107 2
107 29
107 6
107 3
107 24
107 165
108 6
108 4
108 30
108 208
108 6
108 4
108 13
108 77
108 6
108 5
108 16
108 87
109 0
109 0
109 18
109 109
109 0
109 1
109 18
109 103
109 0
109 2
109 12
109 70
110 1
110 3
110 9
110 57
110 1
110 3
110 13
110 75
110 1
110 4
110 30
110 217
111 2
111 6
111 16
111 97
111 2
111 6
111 30
111 214
111 2
111 7
111 13
111 75
112 3
112 2
112 18
112 116
112 3
112 3
112 12
112 69
112 3
112 4
112 12
112 70
113 4
113 0
113 2
113 29
113 4
113 0
113 24
113 165
113 4
113 1
113 3
113 35
114 6
114 3
114 0
114 12
114 6
114 3
114 13
114 75
114 6
114 3
114 11
114 64
115 6
115 4
115 22
115 144
115 6
115 4
115 9
115 57
115 6
115 4
115 13
115 77
116 6
116 5
116 3
116 33
116 6
116 5
116 18
116 111
116 6
116 5
116 2
116 29
117 6
117 6
117 30
117 208
117 6
117 6
117 30
117 217
117 6
117 6
117 13
117 79
118 0
118 0
118 12
118 70
118 0
118 0
118 12
118 69
118 0
118 0
118 13
118 80
119 0
119 1
119 18
119 120
119 0
119 1
119 13
119 75
119 0
119 1
119 11
119 64
120 0
120 2
120 22
120 142
120 0
120 2
120 9
120 57
120 0
120 2
120 13
120 77
121 0
121 3
121 3
121 33
121 0
121 3
121 18
121 111
121 0
121 3
121 2
121 28
122 0
122 4
122 30
122 208
122 0
122 4
122 30
122 217
122 0
122 4
122 13
122 79
123 6
123 7
123 2
123 29
123 6
123 7
123 3
123 35
123 6
123 7
123 2
123 28
123 6
123 7
123 24
123 165
124 4
124 0
124 2
124 29
124 4
124 0
124 24
124 165
124 4
124 0
124 3
124 35
124 4
124 0
124 2
124 28
124 4
124 0
124 2
124 29
124 4
124 0
124 3
124 35
124 4
124 0
124 2
124 28
125 5
125 1
125 0
125 12
125 5
125 1
125 22
125 144
125 5
125 1
125 13
125 80
125 5
125 1
125 11
125 64
126 5
126 6
126 18
126 109
126 5
126 6
126 30
126 217
126 5
126 6
126 13
126 75
127 6
127 2
127 12
127 70
127 6
127 2
127 3
127 33
127 6
127 2
127 24
127 166
128 4
128 3
128 32
128 230
128 4
128 3
128 9
128 57
128 4
128 3
128 13
128 77
129 6
129 3
129 0
129 6
129 6
129 3
129 2
129 29
129 6
129 3
129 11
129 64
130 4
130 4
130 13
130 75
130 4
130 4
130 0
130 14
130 4
130 4
130 2
130 28
131 5
131 5
131 24
131 165
131 5
131 5
131 3
131 35
131 5
131 5
131 2
131 29
132 2
132 0
132 31
132 225
132 2
132 3
132 0
132 12
132 2
132 3
132 13
132 77
133 0
133 2
133 32
133 230
133 0
133 2
133 9
133 57
133 0
133 2
133 0
133 5
134 6
134 3
134 2
134 29
134 6
134 3
134 11
134 64
134 6
134 3
134 0
134 6
135 6
135 4
135 24
135 165
135 6
135 4
135 30
135 208
135 6
135 4
135 13
135 75
136 0
136 0
136 2
136 28
136 0
136 0
136 11
136 67
136 0
136 0
136 0
136 12
137 1
137 2
137 3
137 35
137 1
137 2
137 30
137 204
138 2
138 5
138 13
138 77
138 2
138 5
138 11
138 64
138 2
138 5
138 0
138 4
139 3
139 7
139 2
139 29
139 3
139 7
139 30
139 210
140 4
140 0
140 11
140 68
140 4
140 0
140 0
140 11
140 4
140 0
140 13
140 76
141 5
141 3
141 3
141 38
141 5
141 3
141 30
141 211
142 6
142 2
142 2
142 29
142 6
142 2
142 13
142 80
143 6
143 4
143 11
143 64
143 6
143 4
143 0
143 6
144 6
144 6
144 24
144 165
144 6
144 6
144 3
144 35
145 0
145 0
145 2
145 28
145 0
145 0
145 13
145 79
146 0
146 2
146 0
146 12
146 0
146 2
146 11
146 68
147 1
147 3
147 24
147 171
147 1
147 3
147 3
147 33
148 1
148 4
148 2
148 29
148 1
148 4
148 13
148 80
149 2
149 0
149 11
149 64
149 2
149 0
149 0
149 6
150 2
150 2
150 24
150 165
150 2
150 2
150 3
150 35
151 3
151 3
151 2
151 28
151 3
151 3
151 13
151 79
152 3
152 4
152 0
152 12
152 3
152 4
152 11
152 68
153 4
153 0
153 24
153 171
153 4
153 0
153 3
153 33
154 4
154 2
154 2
154 29
154 4
154 2
154 13
154 80
155 6
155 2
155 0
155 6
155 6
155 2
155 13
155 75
155 6
155 2
155 11
155 64
156 6
156 4
156 2
156 29
156 6
156 4
156 13
156 77
156 6
156 4
156 30
156 208
157 0
157 0
157 1
157 16
157 0
157 0
157 18
157 109
157 0
157 0
157 16
157 87
158 4
158 6
158 22
158 144
158 4
158 6
158 13
158 75
158 4
158 6
158 9
158 57
159 6
159 7
159 3
159 35
159 6
159 7
159 2
159 28
160 6
160 7
160 31
160 225
