0 0
0 2
0 0
0 12
0 0
0 2
0 2
0 29
0 0
0 3
0 13
0 75
0 0
0 4
0 30
0 208
1 1
1 0
1 11
1 64
1 1
1 1
1 18
1 111
1 1
1 2
1 22
1 144
1 1
1 3
1 13
1 77
2 2
2 5
2 1
2 16
2 2
2 6
2 30
2 217
2 2
2 7
2 2
2 28
3 3
3 0
3 3
3 33
3 3
3 1
3 13
3 80
3 3
3 2
3 16
3 87
3 3
3 3
3 18
3 109
4 4
4 4
4 21
4 137
4 4
4 5
4 32
4 230
4 4
4 6
4 9
4 57
4 4
4 7
4 31
4 225
5 0
5 2
5 0
5 12
5 0
5 2
5 2
5 29
5 0
5 3
5 13
5 75
6 1
6 4
6 11
6 64
6 1
6 4
6 30
6 208
6 1
6 5
6 16
6 87
7 2
7 6
7 18
7 103
7 2
7 6
7 22
7 142
7 2
7 7
7 28
7 190
8 0
8 2
8 0
8 12
8 0
8 2
8 11
8 68
8 0
8 3
8 13
8 80
9 0
9 4
9 2
9 29
9 0
9 4
9 24
9 165
9 0
9 5
9 3
9 35
10 1
10 0
10 1
10 16
10 1
10 0
10 18
10 111
10 1
10 1
10 30
10 208
11 1
11 2
11 13
11 75
11 1
11 3
11 16
11 87
11 1
11 4
11 18
11 109
12 2
12 6
12 21
12 137
12 2
12 6
12 32
12 230
12 2
12 7
12 31
12 225
13 3
13 0
13 22
13 142
13 3
13 0
13 27
13 180
13 3
13 1
13 12
13 70
14 3
14 2
14 13
14 80
14 3
14 3
14 30
14 208
14 3
14 4
14 18
14 111
15 4
15 5
15 0
15 14
15 4
15 5
15 11
15 64
15 4
15 6
15 2
15 28
16 4
16 7
16 3
16 35
16 4
16 7
16 18
16 111
17 6
17 7
17 0
17 12
17 6
17 7
17 13
17 80
17 6
17 7
17 30
17 208
18 4
18 0
18 2
18 29
18 4
18 0
18 24
18 165
18 4
18 0
18 3
18 35
19 5
19 4
19 11
19 64
19 5
19 4
19 13
19 75
19 5
19 4
19 16
19 87
20 6
20 5
20 22
20 144
20 6
20 5
20 32
20 230
20 6
20 5
20 29
20 199
21 4
21 6
21 30
21 209
21 4
21 6
21 18
21 111
21 4
21 6
21 1
21 16
22 5
22 2
22 13
22 77
22 5
22 2
22 3
22 33
22 5
22 2
22 2
22 28
23 6
23 3
23 16
23 90
23 6
23 3
23 24
23 166
23 6
23 3
23 11
23 67
24 4
24 4
24 0
24 14
24 4
24 4
24 13
24 76
24 4
24 4
24 30
24 217
25 5
25 1
25 2
25 29
25 5
25 1
25 3
25 38
25 5
25 1
25 16
25 86
26 6
26 0
26 22
26 152
26 6
26 0
26 32
26 229
26 6
26 0
26 29
26 198
27 6
27 3
27 0
27 12
27 6
27 3
27 13
27 75
27 6
27 3
27 11
27 64
28 4
28 5
28 2
28 29
28 4
28 5
28 24
28 165
28 4
28 5
28 3
28 35
29 5
29 0
29 22
29 144
29 5
29 0
29 9
29 57
29 5
29 0
29 13
29 75
30 6
30 2
30 12
30 70
30 6
30 2
30 27
30 180
30 6
30 2
30 16
30 90
31 4
31 4
31 30
31 208
31 4
31 4
31 18
31 109
31 4
31 4
31 31
31 225
32 5
32 1
32 32
32 230
32 5
32 1
32 13
32 77
32 5
32 1
32 18
32 111
33 6
33 6
33 19
33 127
33 6
33 6
33 14
33 84
33 6
33 6
33 22
33 151
34 4
34 3
34 21
34 137
34 4
34 3
34 18
34 116
34 4
34 3
34 13
34 76
35 5
35 5
35 26
35 176
35 5
35 5
35 28
35 185
35 5
35 5
35 29
35 199
36 6
36 0
36 33
36 233
36 6
36 0
36 18
36 103
36 6
36 0
36 13
36 79
37 6
37 3
37 0
37 12
37 6
37 3
37 0
37 6
37 6
37 3
37 2
37 29
38 6
38 4
38 16
38 90
38 6
38 4
38 30
38 208
38 6
38 4
38 13
38 75
39 6
39 5
39 11
39 64
39 6
39 5
39 22
39 144
39 6
39 5
39 32
39 230
40 0
40 0
40 2
40 28
40 0
40 0
40 3
40 35
41 0
41 1
41 30
41 214
41 0
41 1
41 13
41 80
41 0
41 1
41 18
41 111
42 1
42 3
42 1
42 18
42 1
42 3
42 29
42 199
42 1
42 3
42 18
42 109
43 1
43 4
43 22
43 152
43 1
43 4
43 16
43 87
43 1
43 4
43 30
43 209
44 2
44 0
44 32
44 231
44 2
44 0
44 9
44 57
44 2
44 0
44 13
44 77
45 2
45 1
45 11
45 67
45 2
45 1
45 0
45 11
45 2
45 1
45 2
45 28
46 3
46 3
46 3
46 33
46 3
46 3
46 18
46 115
46 3
46 3
46 30
46 217
47 3
47 4
47 16
47 91
47 3
47 4
47 13
47 79
47 3
47 4
47 22
47 145
48 4
48 0
48 2
48 29
48 4
48 0
48 24
48 165
48 4
48 0
48 3
48 35
49 4
49 1
49 30
49 214
49 4
49 1
49 13
49 80
49 4
49 1
49 18
49 111
