0 0
0 2
0 2
0 29
0 0
0 2
0 13
0 77
0 0
0 2
0 0
0 6
1 0
1 4
1 11
1 64
1 0
1 4
1 13
1 75
1 0
1 4
1 24
1 165
2 1
2 3
2 30
2 208
2 1
2 3
2 18
2 111
2 1
2 3
2 2
2 28
3 2
3 6
3 0
3 12
3 2
3 6
3 13
3 79
3 2
3 6
3 11
3 68
4 3
4 0
4 24
4 171
4 3
4 0
4 13
4 78
4 3
4 0
4 2
4 29
5 4
5 1
5 30
5 203
5 4
5 1
5 18
5 120
5 4
5 1
5 0
5 5
6 0
6 2
6 2
6 29
6 0
6 2
6 0
6 6
6 0
6 3
6 11
6 64
7 0
7 4
7 24
7 165
7 0
7 4
7 30
7 208
7 0
7 5
7 16
7 90
8 1
8 0
8 18
8 123
8 1
8 1
8 13
8 75
8 1
8 2
8 12
8 70
9 1
9 3
9 26
9 176
9 1
9 4
9 22
9 142
9 1
9 5
9 19
9 130
10 2
10 2
10 3
10 35
10 2
10 3
10 21
10 136
10 2
10 4
10 29
10 196
11 0
11 2
11 2
11 29
11 0
11 2
11 0
11 12
11 0
11 2
11 24
11 165
12 0
12 3
12 13
12 77
12 0
12 3
12 11
12 64
12 0
12 3
12 18
12 109
13 1
13 0
13 1
13 18
13 1
13 0
13 13
13 75
13 1
13 0
13 23
13 157
14 2
14 4
14 30
14 214
14 2
14 4
14 2
14 28
14 2
14 4
14 24
14 171
15 3
15 6
15 26
15 176
15 3
15 6
15 27
15 181
15 3
15 6
15 13
15 80
16 4
16 2
16 12
16 70
16 4
16 2
16 16
16 90
16 4
16 2
16 18
16 111
17 5
17 3
17 32
17 227
17 5
17 3
17 9
17 57
17 5
17 3
17 31
17 225
18 6
18 0
18 22
18 142
18 6
18 0
18 19
18 130
18 6
18 0
18 14
18 84
19 0
19 2
19 0
19 6
19 0
19 2
19 13
19 75
19 0
19 3
19 24
19 165
20 1
20 4
20 30
20 208
20 1
20 4
20 16
20 90
20 1
20 5
20 11
20 64
21 2
21 0
21 22
21 144
21 2
21 2
21 13
21 77
22 3
22 3
22 12
22 70
22 3
22 3
22 3
22 35
22 3
22 4
22 21
22 139
23 4
23 6
23 30
23 206
23 4
23 6
23 16
23 87
23 4
23 7
23 13
23 75
24 5
24 4
24 32
24 230
24 5
24 4
24 9
24 57
24 5
24 5
24 24
24 171
25 6
25 2
25 1
25 18
25 6
25 2
25 11
25 64
25 6
25 3
25 30
25 208
26 0
26 2
26 2
26 29
26 0
26 2
26 0
26 6
26 0
26 2
26 11
26 64
27 0
27 4
27 24
27 165
27 0
27 4
27 13
27 75
27 0
27 4
27 30
27 208
28 1
28 0
28 18
28 103
28 1
28 0
28 1
28 18
28 1
28 0
28 16
28 90
29 2
29 5
29 12
29 70
29 2
29 5
29 13
29 80
29 2
29 5
29 29
29 199
30 3
30 3
30 31
30 221
30 3
30 3
30 2
30 28
30 3
30 3
30 30
30 203
31 4
31 7
31 24
31 171
31 4
31 7
31 0
31 14
31 4
31 7
31 11
31 68
32 5
32 1
32 13
32 77
32 5
32 1
32 18
32 111
32 5
32 1
32 16
32 87
33 6
33 6
33 2
33 29
33 6
33 6
33 30
33 210
33 6
33 6
33 0
33 6
34 0
34 2
34 2
34 29
34 0
34 2
34 11
34 64
34 0
34 2
34 13
34 75
35 0
35 4
35 0
35 6
35 0
35 4
35 24
35 165
36 1
36 3
36 12
36 70
36 1
36 3
36 13
36 80
36 1
36 3
36 18
36 120
37 2
37 5
37 30
37 208
37 2
37 5
37 22
37 144
38 3
38 0
38 32
38 230
38 3
38 0
38 9
38 57
39 4
39 6
39 13
39 75
39 4
39 6
39 11
39 68
40 5
40 4
40 24
40 171
40 5
40 4
40 2
40 28
41 6
41 3
41 18
41 111
41 6
41 3
41 0
41 14
42 0
42 2
42 2
42 29
42 0
42 2
42 0
42 6
42 0
42 2
42 13
42 75
43 0
43 4
43 11
43 64
43 0
43 4
43 12
43 70
43 0
43 4
43 16
43 87
44 1
44 3
44 30
44 207
44 1
44 3
44 22
44 144
44 1
44 3
44 9
44 57
45 2
45 5
45 13
45 75
45 2
45 5
45 18
45 123
45 2
45 5
45 30
45 208
46 3
46 0
46 27
46 180
46 3
46 1
46 12
46 70
46 3
46 1
46 27
46 180
47 4
47 6
47 30
47 214
47 4
47 6
47 1
47 18
47 4
47 6
47 2
47 28
48 0
48 2
48 2
48 29
48 0
48 2
48 11
48 64
48 0
48 2
48 13
48 75
49 0
49 4
49 0
49 6
49 0
49 4
49 24
49 165
50 1
50 3
50 13
50 77
50 1
50 3
50 2
50 28
50 1
50 3
50 11
50 67
51 2
51 5
51 24
51 171
51 2
51 5
51 0
51 12
52 3
52 6
52 13
52 75
52 3
52 6
52 2
52 29
52 3
52 6
52 11
52 64
53 4
53 0
53 0
53 6
54 4
54 2
54 2
54 28
54 4
54 2
54 13
54 77
55 6
55 4
55 0
55 6
55 6
55 4
55 2
55 28
55 6
55 4
55 11
55 64
56 4
56 5
56 30
56 208
56 4
56 5
56 16
56 90
56 4
56 6
56 13
56 75
57 3
57 3
57 24
57 165
57 3
57 3
57 3
57 35
57 3
57 4
57 2
57 29
58 6
58 0
58 18
58 111
58 6
58 0
58 22
58 142
58 6
58 1
58 13
58 80
59 4
59 7
59 30
59 214
59 4
59 7
59 16
59 87
59 4
59 7
59 2
59 28
60 0
60 2
60 2
60 29
60 0
60 2
60 0
60 12
60 0
60 2
60 13
60 75
61 0
61 4
61 11
61 64
61 0
61 4
61 1
61 18
61 0
61 4
61 24
61 165
62 1
62 3
62 30
62 208
62 1
62 3
62 16
62 90
62 1
62 3
62 13
62 77
63 2
63 5
63 22
63 142
63 2
63 5
63 14
63 84
63 2
63 5
63 18
63 111
64 3
64 6
64 2
64 28
64 3
64 6
64 0
64 14
64 3
64 6
64 13
64 79
65 4
65 0
65 24
65 171
65 4
65 0
65 3
65 35
65 4
65 0
65 2
65 29
66 5
66 7
66 30
66 206
66 5
66 7
66 16
66 87
66 5
66 7
66 13
66 76
67 6
67 7
67 0
67 6
67 6
67 7
67 2
67 29
67 6
67 7
67 13
67 75
68 4
68 0
68 11
68 64
68 4
68 0
68 24
68 165
68 4
68 0
68 3
68 35
69 5
69 5
69 30
69 208
69 5
69 5
69 1
69 18
69 5
69 5
69 12
69 70
70 4
70 4
70 18
70 123
70 4
70 4
70 22
70 144
70 4
70 4
70 9
70 57
71 6
71 6
71 16
71 90
71 6
71 6
71 13
71 77
71 6
71 6
71 2
71 28
72 6
72 2
72 2
72 29
72 6
72 2
72 0
72 6
72 6
72 2
72 11
72 64
73 4
73 4
73 13
73 77
73 4
73 4
73 22
73 144
73 4
73 4
73 24
73 165
74 5
74 3
74 30
74 208
74 5
74 3
74 18
74 116
74 5
74 3
74 21
74 137
75 6
75 5
75 19
75 130
75 6
75 5
75 14
75 84
75 6
75 5
75 8
75 55
76 4
76 6
76 12
76 70
76 4
76 6
76 3
76 38
76 4
76 6
76 26
76 176
77 5
77 0
77 31
77 221
77 5
77 0
77 32
77 230
77 5
77 0
77 9
77 57
78 5
78 2
78 0
78 6
78 5
78 2
78 2
78 28
78 5
78 2
78 11
78 64
79 6
79 3
79 24
79 165
79 6
79 3
79 3
79 35
79 6
79 3
79 15
79 85
80 4
80 5
80 13
80 75
80 4
80 5
80 30
80 208
80 4
80 5
80 16
80 87
81 5
81 4
81 12
81 70
81 5
81 4
81 28
81 188
81 5
81 4
81 22
81 144
82 6
82 0
82 31
82 221
82 6
82 0
82 1
82 18
82 6
82 0
82 18
82 111
83 6
83 2
83 0
83 6
83 6
83 2
83 2
83 29
83 6
83 2
83 24
83 165
84 6
84 4
84 11
84 64
84 6
84 4
84 13
84 75
84 6
84 4
84 30
84 208
85 5
85 6
85 16
85 90
85 5
85 6
85 2
85 28
85 5
85 6
85 0
85 12
86 4
86 3
86 18
86 123
86 4
86 3
86 24
86 171
86 4
86 3
86 13
86 77
87 0
87 0
87 12
87 70
87 0
87 0
87 3
87 35
87 0
87 0
87 2
87 29
88 6
88 2
88 0
88 6
88 6
88 2
88 2
88 29
88 6
88 3
88 11
88 64
89 5
89 4
89 32
89 230
89 5
89 4
89 9
89 57
89 5
89 5
89 12
89 70
90 4
90 0
90 22
90 144
90 4
90 1
90 13
90 75
90 4
90 2
90 24
90 165
91 6
91 7
91 30
91 208
91 6
91 7
91 0
91 11
91 6
91 7
91 2
91 28
92 5
92 2
92 3
92 33
92 5
92 3
92 18
92 111
92 5
92 4
92 26
92 176
93 6
93 2
93 2
93 29
93 6
93 2
93 13
93 75
93 6
93 3
93 11
93 64
94 6
94 4
94 24
94 165
94 6
94 4
94 3
94 35
94 6
94 5
94 2
94 28
95 0
95 0
95 1
95 18
95 0
95 0
95 13
95 80
95 0
95 1
95 18
95 120
96 4
96 6
96 30
96 208
96 4
96 6
96 13
96 77
96 4
96 7
96 2
96 29
97 6
97 4
97 0
97 6
97 6
97 4
97 2
97 28
97 6
97 4
97 11
97 64
98 6
98 6
98 16
98 90
98 6
98 6
98 13
98 75
98 6
98 7
98 30
98 208
99 0
99 2
99 24
99 165
99 0
99 2
99 2
99 29
99 0
99 3
99 1
99 18
100 4
100 0
100 13
100 80
100 4
100 0
100 18
100 111
100 4
100 1
100 26
100 176
101 6
101 3
101 12
101 70
101 6
101 3
101 3
101 35
101 6
101 4
101 21
101 136
102 6
102 7
102 22
102 149
102 6
102 7
102 14
102 84
102 0
102 0
102 32
102 227
103 6
103 2
103 0
103 6
103 6
103 2
103 2
103 29
103 6
103 2
103 13
103 75
104 6
104 4
104 24
104 165
104 6
104 4
104 3
104 35
104 6
104 4
104 2
104 28
105 0
105 0
105 22
105 144
105 0
105 0
105 13
105 77
105 0
105 0
105 11
105 64
106 4
106 5
106 19
106 130
106 4
106 5
106 13
106 75
106 4
106 5
106 2
106 29
107 6
107 6
107 30
107 208
107 6
107 6
107 16
107 90
107 6
107 6
107 13
107 77
108 6
108 7
108 1
108 18
108 6
108 7
108 2
108 28
108 6
108 7
108 24
108 171
109 6
109 7
109 31
109 225
